0
-0.00224715
-0.0044967
-0.00674137
-0.00899324
-0.0112355
-0.0134895
-0.0157294
-0.0179853
-0.020223
-0.0224806
-0.0247163
-0.026975
-0.0292093
-0.0314683
-0.033702
-0.0359604
-0.0381944
-0.0404509
-0.0426865
-0.0449398
-0.0471782
-0.0494266
-0.0516697
-0.0539114
-0.0561607
-0.058394
-0.0606509
-0.0628746
-0.0651399
-0.0673536
-0.069627
-0.0718314
-0.0741115
-0.0763088
-0.0785923
-0.0807864
-0.0830685
-0.085265
-0.0875394
-0.0897447
-0.0920048
-0.0942254
-0.0964649
-0.098706
-0.100921
-0.103184
-0.105376
-0.107658
-0.109831
-0.112124
-0.11429
-0.11658
-0.118754
-0.121026
-0.123222
-0.125461
-0.127692
-0.129891
-0.132159
-0.134321
-0.136615
-0.138758
-0.141056
-0.143205
-0.145479
-0.147661
-0.149888
-0.15212
-0.154291
-0.156571
-0.158701
-0.161003
-0.163126
-0.165409
-0.167568
-0.169794
-0.172016
-0.174172
-0.176454
-0.178561
-0.180864
-0.182974
-0.18524
-0.187408
-0.189593
-0.191843
-0.19395
-0.196252
-0.198335
-0.200617
-0.202752
-0.204948
-0.207178
-0.209278
-0.211576
-0.213641
-0.215922
-0.218046
-0.220226
-0.22246
-0.224534
-0.226835
-0.228889
-0.231146
-0.233289
-0.23542
-0.237684
-0.23972
-0.242015
-0.244084
-0.246277
-0.248479
-0.250533
-0.252829
-0.254852
-0.257091
-0.259232
-0.261314
-0.263591
-0.265591
-0.267855
-0.26995
-0.272053
-0.274309
-0.276295
-0.278568
-0.280634
-0.282742
-0.284986
-0.286959
-0.289229
-0.291284
-0.293378
-0.295622
-0.297579
-0.299836
-0.3019
-0.303958
-0.306215
-0.308158
-0.310384
-0.31248
-0.314483
-0.316756
-0.318701
-0.320867
-0.323021
-0.324962
-0.327231
-0.329215
-0.331285
-0.333508
-0.33541
-0.337624
-0.339698
-0.341653
-0.343916
-0.345846
-0.347935
-0.350127
-0.352004
-0.354214
-0.356266
-0.358195
-0.360449
-0.36237
-0.364412
-0.366617
-0.36847
-0.370626
-0.372723
-0.374585
-0.376811
-0.378787
-0.380715
-0.38295
-0.384828
-0.386846
-0.389039
-0.39086
-0.392965
-0.395082
-0.39689
-0.399058
-0.40109
-0.402916
-0.405119
-0.407071
-0.408932
-0.411146
-0.41303
-0.414932
-0.417138
-0.418972
-0.420912
-0.423099
-0.424896
-0.426866
-0.429032
-0.430803
-0.432792
-0.434939
-0.436692
-0.438688
-0.440821
-0.442561
-0.444553
-0.446679
-0.44841
-0.450386
-0.452512
-0.45424
-0.456187
-0.45832
-0.460051
-0.461957
-0.464099
-0.465845
-0.467696
-0.469844
-0.471622
-0.473409
-0.475552
-0.477381
-0.479103
-0.481216
-0.483117
-0.484784
-0.486837
-0.48882
-0.490461
-0.492417
-0.494478
-0.49614
-0.497969
-0.500073
-0.501814
-0.503515
-0.505597
-0.507465
-0.509079
-0.511056
-0.513057
-0.514673
-0.516482
-0.518557
-0.520282
-0.521924
-0.523952
-0.525852
-0.527425
-0.529279
-0.531315
-0.532977
-0.53462
-0.536637
-0.538503
-0.540052
-0.541871
-0.543891
-0.545559
-0.547147
-0.549106
-0.55101
-0.552556
-0.554259
-0.556263
-0.558018
-0.559533
-0.56135
-0.563323
-0.564954
-0.566495
-0.568385
-0.570292
-0.571842
-0.573425
-0.575347
-0.577187
-0.578691
-0.580305
-0.582231
-0.584021
-0.585502
-0.587123
-0.589038
-0.590803
-0.592272
-0.593874
-0.595767
-0.597533
-0.599
-0.60056
-0.602416
-0.604205
-0.605689
-0.607188
-0.608983
-0.610805
-0.612337
-0.613776
-0.615473
-0.617313
-0.61893
-0.620341
-0.621907
-0.623712
-0.625434
-0.626889
-0.628328
-0.630015
-0.631802
-0.633383
-0.634774
-0.636283
-0.638019
-0.639737
-0.641222
-0.642604
-0.644156
-0.645888
-0.647546
-0.648983
-0.650362
-0.651916
-0.653624
-0.655251
-0.656671
-0.658034
-0.659553
-0.661228
-0.662853
-0.664286
-0.665623
-0.667072
-0.668695
-0.670337
-0.671818
-0.673144
-0.674497
-0.676022
-0.677665
-0.679236
-0.680617
-0.681889
-0.683244
-0.68479
-0.686436
-0.687987
-0.689326
-0.690533
-0.691811
-0.693301
-0.694962
-0.696595
-0.698013
-0.699189
-0.700284
-0.70153
-0.703055
-0.70479
-0.706512
-0.707988
-0.709131
-0.710049
-0.710994
-0.712214
-0.713819
-0.71572
-0.717672
-0.719388
-0.720667
-0.721483
-0.721991
-0.722471
-0.723229
-0.724496
-0.72636
-0.728746
-0.731442
-0.73415
-0.736553
-0.73837
-0.739394
-0.739506
-0.738679
-0.736955
-0.734426
-0.731214
-0.727445
-0.723242
-0.718711
-0.713941
-0.709003
-0.703948
-0.698813
-0.693626
-0.688404
-0.683159
-0.677899
-0.672627
-0.667348
-0.662062
-0.656771
-0.651475
-0.646175
-0.640871
-0.635562
-0.630249
-0.624932
-0.619612
-0.614287
-0.608959
-0.603626
-0.59829
-0.59295
-0.587607
-0.582259
-0.576908
-0.571553
-0.566195
-0.560833
-0.555468
-0.550099
-0.544727
-0.539351
-0.533972
-0.528589
-0.523203
-0.517814
-0.512421
-0.507026
-0.501627
-0.496225
-0.490819
-0.485411
-0.48
-0.474585
-0.469168
-0.463748
-0.458324
-0.452898
-0.447469
-0.442037
-0.436602
-0.431165
-0.425725
-0.420282
-0.414837
-0.409389
-0.403938
-0.398485
-0.393029
-0.387571
-0.38211
-0.376647
-0.371181
-0.365714
-0.360244
-0.354771
-0.349297
-0.34382
-0.338341
-0.33286
-0.327376
-0.321891
-0.316404
-0.310915
-0.305423
-0.29993
-0.294435
-0.288938
-0.283439
-0.277939
-0.272436
-0.266932
-0.261427
-0.255919
-0.25041
-0.2449
-0.239388
-0.233874
-0.228359
-0.222842
-0.217324
-0.211805
-0.206284
-0.200762
-0.195239
-0.189715
-0.184189
-0.178662
-0.173134
-0.167605
-0.162075
-0.156544
-0.151012
-0.145479
-0.139945
-0.13441
-0.128874
-0.123338
-0.117801
-0.112263
-0.106724
-0.101184
-0.0956443
-0.0901036
-0.0845624
-0.0790206
-0.0734783
-0.0679357
-0.0623925
-0.056849
-0.0513051
-0.0457608
-0.0402163
-0.0346715
-0.0291265
-0.0235813
-0.018036
-0.0124905
-0.00694506
-0.00139953
0.00414605
0.00969156
0.0152371
0.0207825
0.0263278
0.0318729
0.0374177
0.0429624
0.0485068
0.0540508
0.0595945
0.0651379
0.0706808
0.0762234
0.0817654
0.0873069
0.0928479
0.0983882
0.103928
0.109467
0.115005
0.120543
0.12608
0.131616
0.137152
0.142686
0.148219
0.153752
0.159284
0.164814
0.170344
0.175872
0.1814
0.186926
0.192451
0.197975
0.203497
0.209019
0.214539
0.220057
0.225575
0.231091
0.236605
0.242118
0.247629
0.253139
0.258647
0.264154
0.269659
0.275162
0.280663
0.286163
0.291661
0.297157
0.302651
0.308143
0.313633
0.319122
0.324608
0.330092
0.335575
0.341055
0.346533
0.352008
0.357482
0.362953
0.368422
0.373889
0.379353
0.384815
0.390274
0.395731
0.401186
0.406638
0.412087
0.417534
0.422978
0.42842
0.433858
0.439294
0.444728
0.450158
0.455586
0.461011
0.466433
0.471851
0.477267
0.48268
0.48809
0.493497
0.498901
0.504301
0.509698
0.515093
0.520483
0.525871
0.531255
0.536636
0.542014
0.547388
0.552759
0.558126
0.563489
0.56885
0.574206
0.579559
0.584908
0.590254
0.595595
0.600933
0.606268
0.611598
0.616925
0.622248
0.627566
0.632881
0.638192
0.643499
0.648801
0.6541
0.659394
0.664685
0.669971
0.675253
0.680531
0.685804
0.691073
0.696338
0.701598
0.706854
0.712105
0.717352
0.722594
0.727832
0.733065
0.738294
0.743518
0.748737
0.753952
0.759161
0.764366
0.769566
0.774762
0.779952
0.785138
0.790318
0.795494
0.800664
0.80583
0.81099
0.816145
0.821295
0.82644
0.83158
0.836715
0.841844
0.846968
0.852086
0.857199
0.862307
0.867409
0.872506
0.877598
0.882683
0.887764
0.892838
0.897907
0.902971
0.908028
0.91308
0.918126
0.923167
0.928201
0.93323
0.938252
0.943269
0.94828
0.953285
0.958284
0.963277
0.968264
0.973244
0.978219
0.983187
0.988149
0.993105
0.998055
1.003
1.00794
1.01287
1.01779
1.02271
1.02762
1.03252
1.03742
1.04231
1.0472
1.05208
1.05695
1.06182
1.06667
1.07153
1.07637
1.08121
1.08604
1.09087
1.09568
1.10049
1.1053
1.1101
1.11489
1.11967
1.12444
1.12921
1.13397
1.13873
1.14348
1.14822
1.15295
1.15767
1.16239
1.1671
1.17181
1.1765
1.18119
1.18587
1.19055
1.19521
1.19987
1.20452
1.20917
1.2138
1.21843
1.22305
1.22767
1.23227
1.23687
1.24146
1.24604
1.25061
1.25518
1.25974
1.26429
1.26883
1.27336
1.27789
1.28241
1.28692
1.29142
1.29591
1.3004
1.30488
1.30934
1.31381
1.31826
1.3227
1.32714
1.33156
1.33598
1.34039
1.3448
1.34919
1.35358
1.35795
1.36232
1.36668
1.37103
1.37537
1.37971
1.38403
1.38835
1.39265
1.39695
1.40124
1.40552
1.4098
1.41406
1.41831
1.42256
1.42679
1.43102
1.43524
1.43945
1.44365
1.44784
1.45202
1.45619
1.46036
1.46451
1.46866
1.47279
1.47692
1.48104
1.48514
1.48924
1.49333
1.49741
1.50148
1.50554
1.50959
1.51363
1.51767
1.52169
1.5257
1.52971
1.5337
1.53768
1.54166
1.54562
1.54958
1.55352
1.55746
1.56138
1.5653
1.5692
1.5731
1.57698
1.58086
1.58473
1.58858
1.59243
1.59626
1.60009
1.60391
1.60771
1.61151
1.61529
1.61907
1.62283
1.62659
1.63033
1.63406
1.63779
1.6415
1.6452
1.6489
1.65258
1.65625
1.65991
1.66356
1.6672
1.67083
1.67445
1.67806
1.68166
1.68525
1.68882
1.69239
1.69594
1.69949
1.70302
1.70655
1.71006
1.71356
1.71705
1.72053
1.724
1.72746
1.73091
1.73434
1.73777
1.74119
1.74459
1.74798
1.75136
1.75473
1.75809
1.76144
1.76478
1.76811
1.77142
1.77472
1.77802
1.7813
1.78457
1.78783
1.79108
1.79431
1.79754
1.80075
1.80395
1.80714
1.81032
1.81349
1.81665
1.81979
1.82293
1.82605
1.82916
1.83226
1.83535
1.83842
1.84149
1.84454
1.84758
1.85061
1.85363
1.85664
1.85963
1.86261
1.86558
1.86854
1.87149
1.87443
1.87735
1.88026
1.88316
1.88605
1.88893
1.89179
1.89464
1.89748
1.90031
1.90313
1.90593
1.90872
1.9115
1.91427
1.91703
1.91977
1.92251
1.92523
1.92793
1.93063
1.93331
1.93598
1.93864
1.94129
1.94392
1.94655
1.94916
1.95175
1.95434
1.95691
1.95947
1.96202
1.96456
1.96708
1.96959
1.97209
1.97458
1.97705
1.97951
1.98196
1.9844
1.98682
1.98923
1.99163
1.99402
1.99639
1.99875
2.0011
2.00343
2.00576
2.00807
2.01037
2.01265
2.01492
2.01718
2.01943
2.02166
2.02389
2.02609
2.02829
2.03047
2.03264
2.0348
2.03695
2.03908
2.0412
2.0433
2.04539
2.04748
2.04954
2.0516
2.05364
2.05567
2.05768
2.05968
2.06167
2.06365
2.06561
2.06756
2.0695
2.07143
2.07334
2.07524
2.07712
2.07899
2.08085
2.0827
2.08453
2.08635
2.08815
2.08995
2.09173
2.09349
2.09525
2.09699
2.09871
2.10043
2.10213
2.10382
2.10549
2.10715
2.1088
2.11043
2.11205
2.11366
2.11525
2.11684
2.1184
2.11996
2.1215
2.12302
2.12454
2.12604
2.12753
2.129
2.13046
2.13191
2.13334
2.13476
2.13617
2.13756
2.13894
2.1403
2.14166
2.143
2.14432
2.14563
2.14693
2.14822
2.14949
2.15074
2.15199
2.15322
2.15444
2.15564
2.15683
2.158
2.15917
2.16032
2.16145
2.16257
2.16368
2.16477
2.16586
2.16692
2.16798
2.16902
2.17004
2.17105
2.17205
2.17304
2.17401
2.17496
2.17591
2.17684
2.17775
2.17866
2.17955
2.18042
2.18128
2.18213
2.18296
2.18378
2.18459
2.18538
2.18616
2.18692
2.18768
2.18841
2.18914
2.18985
2.19054
2.19122
2.19189
2.19254
2.19319
2.19381
2.19442
2.19502
2.19561
2.19618
2.19674
2.19728
2.19781
2.19832
2.19883
2.19931
2.19979
2.20025
2.2007
2.20113
2.20155
2.20195
2.20234
2.20272
2.20308
2.20343
2.20376
2.20409
2.20439
2.20469
2.20497
2.20523
2.20548
2.20572
2.20594
2.20615
2.20635
2.20653
2.2067
2.20686
2.207
2.20712
2.20723
2.20733
2.20742
2.20749
2.20754
2.20759
2.20762
2.20763
2.20763
2.20762
2.20759
2.20755
2.2075
2.20743
2.20734
2.20725
2.20714
2.20701
2.20688
2.20672
2.20656
2.20638
2.20618
2.20597
2.20575
2.20552
2.20527
2.205
2.20473
2.20443
2.20413
2.20381
2.20348
2.20313
2.20277
2.20239
2.20201
2.2016
2.20119
2.20076
2.20031
2.19985
2.19938
2.1989
2.1984
2.19788
2.19735
2.19681
2.19626
2.19569
2.19511
2.19451
2.1939
2.19327
2.19263
2.19198
2.19132
2.19064
2.18994
2.18923
2.18851
2.18778
2.18703
2.18627
2.18549
2.1847
2.1839
2.18308
2.18225
2.1814
2.18054
2.17967
2.17878
2.17788
2.17697
2.17604
2.1751
2.17414
2.17317
2.17219
2.17119
2.17018
2.16916
2.16812
2.16707
2.166
2.16493
2.16383
2.16273
2.16161
2.16047
2.15933
2.15817
2.15699
2.1558
2.1546
2.15339
2.15216
2.15092
2.14966
2.14839
2.14711
2.14581
2.1445
2.14318
2.14184
2.14049
2.13913
2.13775
2.13636
2.13496
2.13354
2.13211
2.13066
2.1292
2.12773
2.12625
2.12475
2.12324
2.12171
2.12017
2.11862
2.11705
2.11547
2.11388
2.11228
2.11066
2.10903
2.10738
2.10572
2.10405
2.10236
2.10067
2.09895
2.09723
2.09549
2.09374
2.09197
2.0902
2.0884
2.0866
2.08478
2.08295
2.08111
2.07925
2.07738
2.0755
2.0736
2.07169
2.06977
2.06783
2.06589
2.06392
2.06195
2.05996
2.05796
2.05595
2.05392
2.05188
2.04983
2.04776
2.04568
2.04359
2.04149
2.03937
2.03724
2.0351
2.03294
2.03077
2.02859
2.0264
2.02419
2.02197
2.01974
2.0175
2.01524
2.01297
2.01068
2.00839
2.00608
2.00376
2.00142
1.99908
1.99672
1.99435
1.99196
1.98957
1.98716
1.98473
1.9823
1.97985
1.97739
1.97492
1.97244
1.96994
1.96743
1.96491
1.96237
1.95983
1.95727
1.9547
1.95211
1.94952
1.94691
1.94429
1.94166
1.93901
1.93635
1.93368
1.931
1.92831
1.9256
1.92288
1.92015
1.91741
1.91466
1.91189
1.90911
1.90632
1.90352
1.9007
1.89788
1.89504
1.89219
1.88932
1.88645
1.88356
1.88066
1.87775
1.87483
1.8719
1.86895
1.86599
1.86302
1.86004
1.85705
1.85405
1.85103
1.848
1.84496
1.84191
1.83885
1.83577
1.83269
1.82959
1.82648
1.82336
1.82023
1.81709
1.81393
1.81076
1.80759
1.8044
1.8012
1.79798
1.79476
1.79153
1.78828
1.78502
1.78175
1.77847
1.77518
1.77188
1.76857
1.76524
1.76191
1.75856
1.7552
1.75183
1.74845
1.74506
1.74166
1.73824
1.73482
1.73139
1.72794
1.72448
1.72101
1.71754
1.71405
1.71055
1.70704
1.70351
1.69998
1.69644
1.69288
1.68932
1.68574
1.68216
1.67856
1.67495
1.67134
1.66771
1.66407
1.66042
1.65676
1.65309
1.64941
1.64572
1.64202
1.6383
1.63458
1.63085
1.62711
1.62335
1.61959
1.61582
1.61203
1.60824
1.60443
1.60062
1.5968
1.59296
1.58912
1.58526
1.5814
1.57752
1.57364
1.56974
1.56584
1.56193
1.558
1.55407
1.55012
1.54617
1.54221
1.53823
1.53425
1.53026
1.52626
1.52225
1.51822
1.51419
1.51015
1.5061
1.50204
1.49798
1.4939
1.48981
1.48571
1.48161
1.47749
1.47337
1.46923
1.46509
1.46093
1.45677
1.4526
1.44842
1.44423
1.44003
1.43582
1.43161
1.42738
1.42315
1.4189
1.41465
1.41039
1.40612
1.40184
1.39755
1.39325
1.38894
1.38463
1.38031
1.37597
1.37163
1.36728
1.36293
1.35856
1.35418
1.3498
1.34541
1.34101
1.3366
1.33218
1.32775
1.32332
1.31887
1.31442
1.30996
1.3055
1.30102
1.29654
1.29204
1.28754
1.28303
1.27852
1.27399
1.26946
1.26492
1.26037
1.25581
1.25125
1.24667
1.24209
1.2375
1.23291
1.2283
1.22369
1.21907
1.21445
1.20981
1.20517
1.20052
1.19586
1.1912
1.18652
1.18184
1.17715
1.17246
1.16776
1.16305
1.15833
1.15361
1.14887
1.14413
1.13939
1.13463
1.12987
1.12511
1.12033
1.11555
1.11076
1.10596
1.10116
1.09635
1.09153
1.08671
1.08188
1.07704
1.0722
1.06735
1.06249
1.05763
1.05275
1.04788
1.04299
1.0381
1.0332
1.0283
1.02339
1.01847
1.01355
1.00862
1.00368
0.998741
0.993792
0.988837
0.983876
0.978908
0.973934
0.968955
0.963969
0.958977
0.953979
0.948975
0.943965
0.938949
0.933927
0.928899
0.923865
0.918826
0.913781
0.908729
0.903673
0.89861
0.893542
0.888468
0.883388
0.878303
0.873213
0.868117
0.863015
0.857908
0.852796
0.847678
0.842555
0.837427
0.832293
0.827154
0.822009
0.81686
0.811705
0.806546
0.801381
0.796212
0.791037
0.785857
0.780672
0.775482
0.770288
0.765088
0.759884
0.754674
0.749461
0.744242
0.739019
0.733791
0.728559
0.723321
0.71808
0.712833
0.707582
0.702327
0.697067
0.691804
0.686535
0.681262
0.675985
0.670704
0.665418
0.660129
0.654835
0.649536
0.644234
0.638928
0.633618
0.628304
0.622986
0.617664
0.612337
0.607007
0.601674
0.596336
0.590995
0.58565
0.580301
0.574949
0.569593
0.564233
0.55887
0.553503
0.548133
0.542759
0.537382
0.532002
0.526618
0.521231
0.515841
0.510447
0.50505
0.49965
0.494247
0.48884
0.483431
0.478018
0.472603
0.467184
0.461763
0.456339
0.450911
0.445481
0.440049
0.434613
0.429174
0.423733
0.418289
0.412843
0.407394
0.401942
0.396488
0.391032
0.385572
0.380111
0.374647
0.369181
0.363712
0.358241
0.352768
0.347292
0.341815
0.336335
0.330853
0.325369
0.319883
0.314395
0.308905
0.303413
0.297919
0.292423
0.286925
0.281426
0.275925
0.270422
0.264917
0.259411
0.253903
0.248394
0.242882
0.23737
0.231855
0.22634
0.220823
0.215305
0.209785
0.204264
0.198741
0.193218
0.187692
0.182166
0.176639
0.171111
0.165581
0.160051
0.15452
0.148987
0.143454
0.137919
0.132384
0.126848
0.121311
0.115774
0.110235
0.104696
0.0991568
0.0936166
0.0880758
0.0825343
0.0769924
0.0714499
0.0659069
0.0603636
0.0548198
0.0492757
0.0437314
0.0381869
0.0326421
0.0270971
0.0215518
0.0160065
0.0104609
0.00491537
-0.00063011
-0.00617579
-0.0117214
-0.0172667
-0.022812
-0.0283571
-0.0339022
-0.039447
-0.0449915
-0.050536
-0.05608
-0.0616236
-0.067167
-0.0727098
-0.0782521
-0.0837937
-0.0893349
-0.0948756
-0.100416
-0.105955
-0.111494
-0.117032
-0.12257
-0.128106
-0.133642
-0.139177
-0.144711
-0.150244
-0.155777
-0.161308
-0.166838
-0.172367
-0.177896
-0.183423
-0.188949
-0.194473
-0.199996
-0.205518
-0.211039
-0.216559
-0.222077
-0.227594
-0.233109
-0.238623
-0.244135
-0.249646
-0.255155
-0.260663
-0.266169
-0.271673
-0.277175
-0.282676
-0.288175
-0.293672
-0.299168
-0.304662
-0.310153
-0.315643
-0.32113
-0.326616
-0.332099
-0.337581
-0.34306
-0.348537
-0.354012
-0.359484
-0.364955
-0.370423
-0.375889
-0.381352
-0.386813
-0.392272
-0.397728
-0.403181
-0.408632
-0.414081
-0.419527
-0.42497
-0.430411
-0.435849
-0.441283
-0.446716
-0.452145
-0.457572
-0.462995
-0.468416
-0.473834
-0.479249
-0.484661
-0.490069
-0.495475
-0.500877
-0.506277
-0.511673
-0.517066
-0.522456
-0.527842
-0.533225
-0.538605
-0.543981
-0.549354
-0.554724
-0.560089
-0.565452
-0.57081
-0.576165
-0.581517
-0.586865
-0.592209
-0.59755
-0.602886
-0.608219
-0.613548
-0.618873
-0.624194
-0.629512
-0.634825
-0.640134
-0.64544
-0.650741
-0.656038
-0.661331
-0.66662
-0.671905
-0.677185
-0.682461
-0.687733
-0.693
-0.698263
-0.703522
-0.708776
-0.714026
-0.719271
-0.724512
-0.729748
-0.73498
-0.740206
-0.745428
-0.750646
-0.755859
-0.761067
-0.76627
-0.771469
-0.776662
-0.781851
-0.787035
-0.792213
-0.797387
-0.802555
-0.807719
-0.812878
-0.818031
-0.823179
-0.828322
-0.83346
-0.838593
-0.84372
-0.848842
-0.853958
-0.859069
-0.864175
-0.869275
-0.87437
-0.87946
-0.884544
-0.889622
-0.894694
-0.899761
-0.904822
-0.909878
-0.914928
-0.919972
-0.92501
-0.930042
-0.935068
-0.940089
-0.945104
-0.950113
-0.955115
-0.960112
-0.965102
-0.970087
-0.975065
-0.980038
-0.985004
-0.989964
-0.994917
-0.999865
-1.00481
-1.00974
-1.01467
-1.01959
-1.02451
-1.02942
-1.03432
-1.03921
-1.0441
-1.04899
-1.05386
-1.05873
-1.06359
-1.06845
-1.0733
-1.07814
-1.08298
-1.08781
-1.09263
-1.09745
-1.10225
-1.10705
-1.11185
-1.11664
-1.12142
-1.12619
-1.13096
-1.13572
-1.14047
-1.14521
-1.14995
-1.15468
-1.1594
-1.16412
-1.16883
-1.17353
-1.17822
-1.18291
-1.18759
-1.19226
-1.19692
-1.20158
-1.20622
-1.21086
-1.2155
-1.22012
-1.22474
-1.22935
-1.23395
-1.23855
-1.24313
-1.24771
-1.25228
-1.25685
-1.2614
-1.26595
-1.27049
-1.27502
-1.27954
-1.28406
-1.28857
-1.29306
-1.29756
-1.30204
-1.30651
-1.31098
-1.31544
-1.31989
-1.32433
-1.32876
-1.33318
-1.3376
-1.34201
-1.34641
-1.3508
-1.35518
-1.35955
-1.36392
-1.36827
-1.37262
-1.37696
-1.38129
-1.38561
-1.38992
-1.39423
-1.39852
-1.40281
-1.40709
-1.41136
-1.41562
-1.41987
-1.42411
-1.42834
-1.43257
-1.43678
-1.44099
-1.44518
-1.44937
-1.45355
-1.45772
-1.46188
-1.46603
-1.47017
-1.4743
-1.47843
-1.48254
-1.48664
-1.49074
-1.49483
-1.4989
-1.50297
-1.50703
-1.51107
-1.51511
-1.51914
-1.52316
-1.52717
-1.53117
-1.53516
-1.53914
-1.54311
-1.54707
-1.55102
-1.55496
-1.55889
-1.56282
-1.56673
-1.57063
-1.57452
-1.5784
-1.58228
-1.58614
-1.58999
-1.59383
-1.59767
-1.60149
-1.6053
-1.6091
-1.61289
-1.61667
-1.62045
-1.62421
-1.62796
-1.63169
-1.63542
-1.63913
-1.64281
-1.64647
-1.65009
-1.65365
-1.65712
-1.66048
-1.66367
-1.66666
-1.66938
-1.67179
-1.67384
-1.67552
-1.67686
-1.67792
-1.67882
-1.67969
-1.68069
-1.68195
-1.68352
-1.68539
-1.68743
-1.68947
-1.6913
-1.69282
-1.694
-1.69499
-1.69599
-1.69722
-1.69876
-1.70057
-1.70241
-1.70405
-1.70535
-1.70636
-1.70732
-1.70848
-1.70997
-1.71168
-1.71334
-1.7147
-1.71573
-1.71662
-1.71771
-1.71913
-1.72076
-1.72227
-1.72343
-1.7243
-1.72522
-1.72645
-1.72796
-1.72944
-1.73058
-1.73142
-1.73228
-1.73347
-1.73492
-1.73628
-1.73726
-1.73801
-1.73892
-1.74019
-1.74157
-1.74268
-1.74343
-1.74419
-1.74529
-1.74662
-1.74775
-1.7485
-1.74917
-1.75018
-1.75145
-1.75253
-1.75321
-1.75385
-1.75484
-1.75605
-1.75701
-1.7576
-1.75825
-1.75928
-1.76041
-1.76117
-1.76167
-1.76242
-1.7635
-1.76444
-1.76497
-1.7655
-1.76641
-1.76743
-1.76806
-1.76848
-1.76919
-1.77019
-1.77092
-1.77129
-1.77185
-1.77278
-1.77355
-1.77391
-1.77436
-1.77521
-1.77598
-1.77633
-1.77671
-1.77749
-1.77823
-1.77854
-1.77887
-1.77962
-1.7803
-1.78054
-1.78087
-1.78159
-1.78217
-1.78235
-1.78269
-1.7834
-1.78385
-1.78396
-1.78436
-1.78503
-1.78532
-1.7854
-1.78589
-1.78645
-1.78657
-1.78671
-1.78727
-1.78764
-1.78763
-1.78791
-1.78844
-1.78856
-1.78856
-1.789
-1.78935
-1.78927
-1.78943
-1.78989
-1.78994
-1.78987
-1.79023
-1.79047
-1.79031
-1.79045
-1.79081
-1.79071
-1.79063
-1.79096
-1.79101
-1.79078
-1.79098
-1.79115
-1.79088
-1.7909
-1.79114
-1.79091
-1.79075
-1.79098
-1.79084
-1.79054
-1.7907
-1.79064
-1.79026
-1.79031
-1.79032
-1.7899
-1.78983
-1.78988
-1.78944
-1.78927
-1.78932
-1.78888
-1.78861
-1.78865
-1.78821
-1.78786
-1.78788
-1.78744
-1.78702
-1.787
-1.78655
-1.78608
-1.78603
-1.78555
-1.78505
-1.78496
-1.78444
-1.78392
-1.7838
-1.78322
-1.78269
-1.78253
-1.7819
-1.78137
-1.78117
-1.78046
-1.77996
-1.77969
-1.77892
-1.77845
-1.77811
-1.77728
-1.77686
-1.77641
-1.77555
-1.77517
-1.77459
-1.77374
-1.77338
-1.77265
-1.77185
-1.77147
-1.77059
-1.7699
-1.76943
-1.76845
-1.76786
-1.76724
-1.76624
-1.76574
-1.76492
-1.76398
-1.76348
-1.76247
-1.76168
-1.76106
-1.75995
-1.75931
-1.75847
-1.7574
-1.75681
-1.75574
-1.75484
-1.75414
-1.75294
-1.75222
-1.75126
-1.75013
-1.74946
-1.74825
-1.74734
-1.74648
-1.74521
-1.74446
-1.7433
-1.7422
-1.74138
-1.74004
-1.73918
-1.73806
-1.73682
-1.73598
-1.7346
-1.73363
-1.73252
-1.73118
-1.73031
-1.72888
-1.72783
-1.72669
-1.72528
-1.72436
-1.72288
-1.72178
-1.72057
-1.71912
-1.71814
-1.71659
-1.71547
-1.71416
-1.7127
-1.71164
-1.71002
-1.70891
-1.70746
-1.70603
-1.70486
-1.7032
-1.70208
-1.70047
-1.69912
-1.69778
-1.69613
-1.69496
-1.69322
-1.69196
-1.69039
-1.68885
-1.68752
-1.68574
-1.68451
-1.68273
-1.68134
-1.67975
-1.67808
-1.67672
-1.67485
-1.67354
-1.67169
-1.67023
-1.66856
-1.66684
-1.66537
-1.66345
-1.66207
-1.66011
-1.65863
-1.65681
-1.65511
-1.65349
-1.65155
-1.65007
-1.64802
-1.64654
-1.64453
-1.6429
-1.64104
-1.6392
-1.63751
-1.63547
-1.6339
-1.63176
-1.63019
-1.62806
-1.62638
-1.62437
-1.62251
-1.62065
-1.61859
-1.61687
-1.61467
-1.61301
-1.61075
-1.60906
-1.60683
-1.60504
-1.60289
-1.60096
-1.59893
-1.59683
-1.59492
-1.59268
-1.59086
-1.58851
-1.58673
-1.58433
-1.58253
-1.58013
-1.57826
-1.57591
-1.57395
-1.57167
-1.56958
-1.56739
-1.56518
-1.56306
-1.56074
-1.55869
-1.55627
-1.55427
-1.55177
-1.5498
-1.54724
-1.54528
-1.54269
-1.54071
-1.5381
-1.53609
-1.53348
-1.53143
-1.52883
-1.52673
-1.52414
-1.52199
-1.51942
-1.51721
-1.51465
-1.5124
-1.50984
-1.50754
-1.505
-1.50265
-1.50011
-1.49773
-1.49518
-1.49277
-1.49022
-1.48778
-1.48521
-1.48275
-1.48016
-1.47769
-1.47507
-1.47259
-1.46994
-1.46746
-1.46477
-1.46229
-1.45957
-1.45709
-1.45432
-1.45186
-1.44903
-1.44659
-1.44371
-1.44128
-1.43835
-1.43593
-1.43296
-1.43055
-1.42753
-1.42513
-1.42207
-1.41966
-1.41659
-1.41415
-1.41108
-1.40859
-1.40555
-1.40298
-1.39999
-1.39733
-1.39441
-1.39163
-1.3888
-1.38589
-1.38316
-1.38012
-1.37747
-1.37433
-1.37174
-1.36852
-1.36594
-1.3627
-1.36009
-1.35688
-1.35417
-1.35105
-1.34819
-1.34521
-1.34217
-1.33933
-1.33612
-1.33339
-1.33007
-1.32739
-1.32403
-1.3213
-1.31801
-1.31514
-1.31199
-1.30891
-1.30595
-1.30266
-1.29985
-1.29643
-1.29366
-1.29022
-1.28737
-1.28405
-1.28099
-1.27788
-1.27457
-1.27166
-1.26816
-1.26533
-1.26182
-1.25888
-1.25552
-1.25233
-1.24922
-1.24577
-1.24284
-1.23925
-1.23633
-1.23281
-1.22968
-1.22641
-1.22298
-1.21996
-1.21632
-1.21336
-1.20977
-1.20661
-1.20327
-1.19978
-1.19672
-1.19302
-1.19
-1.18638
-1.18312
-1.1798
-1.17619
-1.17312
-1.16936
-1.16624
-1.16267
-1.15921
-1.15599
-1.15222
-1.14913
-1.14539
-1.14206
-1.13866
-1.13493
-1.1318
-1.12796
-1.1247
-1.12115
-1.11747
-1.11427
-1.11038
-1.10714
-1.10349
-1.09983
-1.09657
-1.09264
-1.08938
-1.08568
-1.08199
-1.0787
-1.07473
-1.07143
-1.06772
-1.06396
-1.06066
-1.05666
-1.05328
-1.04962
-1.04575
-1.04246
-1.03845
-1.03494
-1.03137
-1.02737
-1.02406
-1.02012
-1.01641
-1.01296
-1.00887
-1.00545
-1.00166
-0.997715
-0.994354
-0.990276
-0.986625
-0.983059
-0.978919
-0.97549
-0.971609
-0.967629
-0.964222
-0.960095
-0.95637
-0.952794
-0.948589
-0.945072
-0.941234
-0.937116
-0.933676
-0.929596
-0.925662
-0.922161
-0.917927
-0.914189
-0.91053
-0.906252
-0.902664
-0.898807
-0.894576
-0.891063
-0.887019
-0.882886
-0.879377
-0.875184
-0.87117
-0.867613
-0.863317
-0.859412
-0.855776
-0.851419
-0.847601
-0.843878
-0.83949
-0.835735
-0.831929
-0.827526
-0.823808
-0.819934
-0.815523
-0.811823
-0.8079
-0.803479
-0.79978
-0.795828
-0.791391
-0.787678
-0.783721
-0.779261
-0.77552
-0.771579
-0.767092
-0.763303
-0.7594
-0.754887
-0.751028
-0.747182
-0.742654
-0.738695
-0.734917
-0.7304
-0.72631
-0.722593
-0.71813
-0.713882
-0.710199
-0.705844
-0.701429
-0.697722
-0.693532
-0.688977
-0.685159
-0.681168
-0.676548
-0.672525
-0.668716
-0.664153
-0.65986
-0.656137
-0.651774
-0.647223
-0.643419
-0.639347
-0.634673
-0.6306
-0.626785
-0.622217
-0.61778
-0.61402
-0.609776
-0.605083
-0.601082
-0.597198
-0.592557
-0.588125
-0.584352
-0.580087
-0.575351
-0.571282
-0.567426
-0.562817
-0.558248
-0.554411
-0.550292
-0.545517
-0.541211
-0.53742
-0.533017
-0.528244
-0.524163
-0.520292
-0.515676
-0.510988
-0.507052
-0.503056
-0.49831
-0.49372
-0.489854
-0.485748
-0.480933
-0.476408
-0.472566
-0.468397
-0.463548
-0.459033
-0.455191
-0.451018
-0.446158
-0.441592
-0.437725
-0.433611
-0.428771
-0.424095
-0.42016
-0.416158
-0.4114
-0.406577
-0.402492
-0.398616
-0.394044
-0.389096
-0.384744
-0.380922
-0.376653
-0.371715
-0.367008
-0.363041
-0.3591
-0.354425
-0.349441
-0.345059
-0.341235
-0.337049
-0.33214
-0.327249
-0.323083
-0.319264
-0.3149
-0.309893
-0.305068
-0.300984
-0.297157
-0.292746
-0.287709
-0.282847
-0.27872
-0.27492
-0.270617
-0.265623
-0.260617
-0.256287
-0.252491
-0.248446
-0.243666
-0.238519
-0.233789
-0.229783
-0.226006
-0.221718
-0.216726
-0.211573
-0.206961
-0.203042
-0.19928
-0.194992
-0.189999
-0.184773
-0.179995
-0.175936
-0.172245
-0.168261
-0.163573
-0.158338
-0.15314
-0.148528
-0.144605
-0.140976
-0.137047
-0.132433
-0.127208
-0.121832
-0.11685
-0.112564
-0.108869
-0.105338
-0.101464
-0.0969228
-0.0917241
-0.0861817
-0.080755
-0.0758433
-0.0716297
-0.0680288
-0.0647386
-0.0613621
-0.0575407
-0.0530559
-0.0478742
-0.0421347
-0.0360964
-0.0300687
-0.0243465
-0.0191637
-0.0146697
-0.0109274
-0.00792632
-0.00560277
-0.00386223
-0.00259836
-0.00170727
-0.00109634
-0.000688515
-0.000423138
-0.000254628
-0.000150117
-8.67519e-05
-4.91667e-05
-2.73406e-05
-1.49239e-05
-7.99977e-06
-4.2127e-06
-2.1802e-06
-1.10927e-06
-5.55042e-07
-2.73215e-07
-1.32344e-07
-6.31025e-08
-2.96246e-08
-1.36973e-08
-6.23884e-09
-2.80001e-09
-1.23852e-09
-5.40043e-10
-2.3218e-10
-9.84425e-11
-4.11702e-11
-1.69866e-11
-6.91561e-12
-2.77862e-12
-1.10198e-12
-4.31455e-13
-1.66793e-13
-6.36746e-14
-2.40084e-14
-8.94186e-15
-3.29017e-15
-1.19617e-15
-4.29736e-16
-1.52581e-16
-5.35476e-17
-1.85767e-17
-6.37141e-18
-2.16066e-18
-7.24548e-19
-2.40282e-19
-7.88119e-20
-2.55694e-20
-8.20631e-21
-2.60563e-21
-8.18568e-22
-2.54455e-22
-7.82737e-23
-2.3829e-23
-7.1799e-24
-2.14133e-24
-6.32173e-25
-1.8476e-25
-5.34602e-26
-1.53156e-26
-4.34459e-27
-1.22041e-27
-3.39492e-28
-9.35303e-29
-2.55211e-29
-6.89761e-30
-1.84661e-30
-4.89728e-31
-1.28666e-31
-3.34908e-32
-8.63702e-33
-2.20701e-33
-5.58815e-34
-1.4021e-34
-3.48625e-35
-8.59073e-36
-2.09804e-36
-5.07842e-37
-1.21843e-37
-2.89763e-38
-6.83094e-39
-1.59636e-39
-3.6984e-40
-8.49471e-41
-1.93443e-41
-4.36761e-42
-9.77777e-43
-2.1705e-43
-4.77769e-44
-1.04288e-44
-2.25747e-45
-4.84619e-46
-1.03177e-46
-2.17866e-47
-4.56279e-48
-9.47816e-49
-1.95292e-49
-3.99141e-50
-8.09214e-51
-1.62746e-51
-3.24701e-52
-6.42678e-53
-1.26199e-53
-2.45856e-54
-4.7521e-55
-9.11341e-56
-1.73412e-56
-3.27412e-57
-6.13392e-58
-1.14031e-58
-2.10358e-59
-3.85089e-60
-6.99581e-61
-1.26125e-61
-2.25666e-62
-4.00718e-63
-7.06207e-64
-1.23526e-64
-2.14449e-65
-3.69525e-66
-6.32013e-67
-1.07296e-67
-1.80809e-68
-3.02448e-69
-5.02209e-70
-8.27808e-71
-1.35456e-71
-2.20036e-72
-3.5484e-73
-5.68092e-74
-9.02949e-75
-1.42487e-75
-2.23234e-76
-3.47241e-77
-5.36283e-78
-8.22351e-79
-1.25207e-79
-1.89286e-80
-2.8414e-81
-4.23524e-82
-6.26851e-83
-9.21295e-84
-1.34459e-84
-1.94868e-85
-2.80456e-86
-4.00834e-87
-5.68918e-88
-8.01912e-89
-1.12254e-89
-1.56056e-90
-2.15464e-91
-2.9545e-92
-4.02365e-93
-5.44237e-94
-7.31129e-95
-9.75537e-96
-1.29284e-96
-1.70177e-97
-2.22495e-98
-2.8894e-99
-3.72709e-100
-4.77542e-101
-6.07771e-102
-7.6835e-103
-9.64883e-104
-1.20363e-104
-1.49149e-105
-1.83594e-106
-2.245e-107
-2.72707e-108
-3.29083e-109
-3.945e-110
-4.69816e-111
-5.55842e-112
-6.53316e-113
-7.62865e-114
-8.84972e-115
-1.01994e-115
-1.16784e-116
-1.32851e-117
-1.50148e-118
-1.68599e-119
-1.88094e-120
-2.08488e-121
-2.29605e-122
-2.51233e-123
-2.73132e-124
-2.95034e-125
-3.1665e-126
-3.37674e-127
-3.57794e-128
-3.76692e-129
-3.94061e-130
-4.09605e-131
-4.23057e-132
-4.34175e-133
-4.42759e-134
-4.48652e-135
-4.51747e-136
-4.51989e-137
-4.49377e-138
-4.43962e-139
-4.3585e-140
-4.25193e-141
-4.12191e-142
-3.97077e-143
-3.80119e-144
-3.61604e-145
-3.41839e-146
-3.21133e-147
-2.99797e-148
-2.78131e-149
-2.56423e-150
-2.34936e-151
-2.1391e-152
-1.93555e-153
-1.74048e-154
-1.55536e-155
-1.3813e-156
-1.21912e-157
-1.06932e-158
-9.32125e-160
-8.07506e-161
-6.95225e-162
-5.94861e-163
-5.05845e-164
-4.27498e-165
-3.59059e-166
-2.99719e-167
-2.48647e-168
-2.05009e-169
-1.67991e-170
-1.36811e-171
-1.10735e-172
-8.90784e-174
-7.1218e-175
-5.65897e-176
-4.46906e-177
-3.50775e-178
-2.73636e-179
-2.12155e-180
-1.63482e-181
-1.25206e-182
-9.53055e-184
-7.21025e-185
-5.42155e-186
-4.05171e-187
-3.0095e-188
-2.22175e-189
-1.63019e-190
-1.18885e-191
-8.61713e-193
-6.20788e-194
-4.445e-195
-3.16335e-196
-2.23754e-197
-1.57305e-198
-1.09917e-199
-7.6337e-201
-5.26934e-202
-3.61516e-203
-2.46518e-204
-1.67079e-205
-1.1255e-206
-7.53564e-208
-5.01472e-209
-3.31684e-210
-2.18049e-211
-1.42474e-212
-9.25267e-214
-5.97243e-215
-3.83165e-216
-2.44328e-217
-1.5485e-218
-9.75434e-220
-6.10712e-221
-3.80036e-222
-2.35052e-223
-1.44494e-224
-8.82852e-226
-5.36133e-227
-3.23598e-228
-1.94127e-229
-1.15747e-230
-6.85936e-232
-4.04019e-233
-2.36518e-234
-1.37616e-235
-7.95824e-237
-4.57412e-238
-2.613e-239
-1.48358e-240
-8.37182e-242
-4.69535e-243
-2.6173e-244
-1.45002e-245
-7.98414e-247
-4.36935e-248
-2.37649e-249
-1.28466e-250
-6.90187e-252
-3.68531e-253
-1.95573e-254
-1.03149e-255
-5.40691e-257
-2.81678e-258
-1.4584e-259
-7.50443e-261
-3.83775e-262
-1.95052e-263
-9.85226e-265
-4.94576e-266
-2.4674e-267
-1.22336e-268
-6.02798e-270
-2.95185e-271
-1.43654e-272
-6.94766e-274
-3.33931e-275
-1.59503e-276
-7.57136e-278
-3.57165e-279
-1.67437e-280
-7.8004e-282
-3.61132e-283
-1.66148e-284
-7.59626e-286
-3.45128e-287
-1.55823e-288
-6.99122e-290
-3.11703e-291
-1.38099e-292
-6.07998e-294
-2.65993e-295
-1.15636e-296
-4.99538e-298
-2.14433e-299
-9.14658e-301
-3.87675e-302
-1.63274e-303
-6.83282e-305
-2.84129e-306
-1.17397e-307
-4.81978e-309
-1.96615e-310
-7.96937e-312
-3.20956e-313
-1.28433e-314
-5.1064e-316
-2.01722e-317
-7.91725e-319
-3.08495e-320
-1.19564e-321
-3.95253e-323
-0
0
0
0
0
0
0
0
0
0
0
0
0
0
0
0
0
0
0
0
0
0
0
0
0
0
0
0
0
0
0
0
0
0
0
0
0
0
0
0
0
0
0
0
0
0
0
0
0
0
0
0
0
0
0
0
0
0
0
0
0
0
0
0
0
0
0
0
0
0
0
0
0
0
0
0
0
0
0
0
0
0
0
0
0
0
0
0
0
0
0
0
0
0
0
0
0
0
0
0
0
0
0
0
0
0
0
0
0
0
0
0
0
0
0
0
0
0
0
0
0
0
0
0
0
0
0
0
0
0
0
0
0
0
0
0
0
0
0
0
0
0
0
0
0
0
0
0
0
0
0
0
0
0
0
0
0
0
0
0
0
0
0
0
0
0
0
0
0
0
0
0
0
0
0
0
0
0
0
0
0
0
0
0
0
0
0
0
0
0
0
0
0
0
0
0
0
0
0
0
0
0
0
0
0
0
0
0
0
0
0
0
0
0
0
0
0
0
0
0
0
0
0
0
0
0
0
0
0
0
0
0
0
0
0
0
0
0
0
0
0
0
0
0
0
0
0
0
0
0
0
0
0
0
0
0
0
0
0
0
0
0
0
0
0
0
0
0
0
0
0
0
0
0
0
0
0
0
0
0
0
0
0
0
0
0
0
0
0
0
0
0
0
0
0
0
0
0
0
0
0
0
0
0
0
0
0
0
0
0
0
0
0
0
0
0
0
0
0
0
0
0
0
0
0
0
0
0
0
0
0
0
0
0
0
0
0
0
0
0
0
0
0
0
0
0
0
0
0
0
0
0
0
0
0
0
0
0
0
0
0
0
0
0
0
0
0
0
0
0
0
0
0
0
0
0
0
0
0
0
0
0
0
0
0
0
0
0
0
0
0
0
0
0
0
0
0
0
0
0
0
0
0
0
0
0
0
0
0
0
0
0
0
0
0
0
0
0
0
0
0
0
0
0
0
0
0
0
0
0
0
0
0
0
0
0
0
0
0
0
0
0
0
0
0
0
0
0
0
0
0
0
0
0
0
0
0
0
0
0
0
0
0
0
0
0
0
0
0
0
0
0
0
0
0
0
0
0
0
0
0
0
0
0
0
0
0
0
0
0
0
0
0
0
0
0
0
0
0
0
0
0
0
0
0
0
0
0
0
0
0
0
0
0
0
0
0
0
0
0
0
0
0
0
0
0
0
0
0
0
0
0
0
0
0
0
0
0
0
0
0
0
0
0
0
0
0
0
0
0
0
0
0
0
0
0
0
0
0
0
0
0
0
0
0
0
0
0
0
0
0
0
0
0
0
0
0
0
0
0
0
0
0
0
0
0
0
0
0
0
0
0
0
0
0
0
0
0
0
0
0
0
0
0
0
0
0
0
0
0
0
0
0
0
0
0
0
0
0
0
0
0
0
0
0
0
0
0
0
0
0
0
0
0
0
0
0
0
0
0
0
0
0
0
0
0
0
0
0
0
0
0
0
0
0
0
0
0
0
0
0
0
0
0
0
0
0
0
0
0
0
0
0
0
0
0
0
0
0
0
0
0
0
0
0
0
0
0
0
0
0
0
0
0
0
0
0
0
0
0
0
0
0
0
0
0
0
0
0
0
0
0
0
0
0
0
0
0
0
0
0
0
0
0
0
0
0
0
0
0
0
0
0
0
0
0
0
0
0
0
0
0
0
0
0
0
0
0
0
0
0
0
0
0
0
0
0
0
0
0
0
0
0
0
0
0
0
0
0
0
0
0
0
0
0
0
0
0
0
0
0
0
0
0
0
0
0
0
0
0
0
0
0
0
0
0
0
0
0
0
0
0
0
0
0
0
0
0
0
0
0
0
0
0
0
0
0
0
0
0
0
0
0
0
0
0
0
0
0
0
0
0
0
0
0
0
0
0
0
0
0
0
0
0
0
0
0
0
0
0
0
0
0
0
0
0
0
0
0
0
0
0
0
0
0
0
0
0
0
0
0
0
0
0
0
0
0
0
0
0
0
0
0
0
0
0
0
0
0
0
0
0
0
0
0
0
0
0
0
0
0
0
0
0
0
0
0
0
0
0
0
0
0
0
0
0
0
0
0
0
0
0
0
0
0
0
0
0
0
0
0
0
0
0
0
0
0
0
0
0
0
0
0
0
0
0
0
0
0
0
0
0
0
0
0
0
0
0
0
0
0
0
0
0
0
0
0
0
0
0
0
0
0
0
0
0
0
0
0
0
0
0
0
0
0
0
0
0
0
0
0
0
0
0
0
0
0
0
0
0
0
0
0
0
0
0
0
0
0
0
0
0
0
0
0
0
0
0
0
0
0
0
0
0
0
0
0
0
0
0
0
0
0
0
0
0
0
0
0
0
0
0
0
0
0
0
0
0
0
0
0
0
0
0
0
0
0
0
0
0
0
0
0
0
0
0
0
0
0
0
0
0
0
0
0
0
0
0
0
0
0
0
0
0
0
0
0
0
0
0
0
0
0
0
0
0
0
0
0
0
0
0
0
0
0
0
0
0
0
0
0
0
0
0
0
0
0
0
0
0
0
0
0
0
0
0
0
0
0
0
0
0
0
0
0
0
0
0
0
0
0
0
0
0
0
0
0
0
0
0
0
0
0
0
0
0
0
0
0
0
0
0
0
0
0
0
0
0
0
0
0
0
0
0
0
0
0
0
0
0
0
0
0
0
0
0
0
0
0
0
0
0
0
0
0
0
0
0
0
0
0
0
0
0
0
0
0
0
0
0
0
0
0
0
0
0
0
0
0
0
0
0
0
0
0
0
0
0
0
0
0
0
0
0
0
0
0
0
0
0
0
0
0
0
0
0
0
0
0
0
0
0
0
0
0
0
0
0
0
0
0
0
0
0
0
0
0
0
0
0
0
0
0
0
0
0
0
0
0
0
0
0
0
0
0
0
0
0
0
0
0
0
0
0
0
0
0
0
0
0
0
0
0
0
0
0
0
0
0
0
0
0
0
0
0
0
0
0
0
0
0
0
0
0
0
0
0
0
0
0
0
0
0
0
0
0
0
0
0
0
0
0
0
0
0
0
0
0
0
0
0
0
0
0
0
0
0
0
0
0
0
0
0
0
0
0
0
0
0
0
0
0
0
0
0
0
0
0
0
0
0
0
0
0
0
0
0
0
0
0
0
0
0
0
0
0
0
0
0
0
0
0
0
0
0
0
0
0
0
0
0
0
0
0
0
0
0
0
0
0
0
0
0
0
0
0
0
0
0
0
0
0
0
0
0
0
0
0
0
0
0
0
0
0
0
0
0
0
0
0
0
0
0
0
0
0
0
0
0
0
0
0
0
0
0
0
0
0
0
0
0
0
0
0
0
0
0
0
0
0
0
0
0
0
0
0
0
0
0
0
0
0
0
0
0
0
0
0
0
0
0
0
0
0
0
0
0
0
0
0
0
0
0
0
0
0
0
0
0
0
0
0
0
0
0
0
0
0
0
0
0
0
0
0
0
0
0
0
0
0
0
0
0
0
0
0
0
0
0
0
0
0
0
0
0
0
0
0
0
0
0
0
0
0
0
0
0
0
0
0
0
0
0
0
0
0
0
0
0
0
0
0
0
0
0
0
0
0
0
0
0
0
0
0
0
0
0
0
0
0
0
0
0
0
0
0
0
0
0
0
0
0
0
0
0
0
0
0
0
0
0
0
0
0
0
0
0
0
0
0
0
0
0
0
0
0
0
0
0
0
0
0
0
0
0
0
0
0
0
0
0
0
0
0
0
0
0
0
0
0
0
0
0
0
0
0
0
0
0
0
0
0
0
0
0
0
0
0
0
0
0
0
0
0
0
0
0
0
0
0
0
0
0
0
0
0
0
0
0
0
0
0
0
0
0
0
0
0
0
0
0
0
0
0
0
0
0
0
0
0
0
0
0
0
0
0
0
0
0
0
0
0
0
0
0
0
0
0
0
0
0
0
0
0
0
0
0
0
0
0
0
0
0
0
0
0
0
0
0
0
0
0
0
0
0
0
0
0
0
0
0
0
0
0
0
0
0
0
0
0
0
0
0
0
0
0
0
0
0
0
0
0
0
0
0
0
0
0
0
0
0
0
0
0
0
0
0
0
0
0
0
0
0
0
0
0
0
0
0
0
0
0
0
0
0
0
0
0
0
0
0
0
0
0
0
0
0
0
0
0
0
0
0
0
0
0
0
0
0
0
0
0
0
0
0
0
0
0
0
0
0
0
0
0
0
0
0
0
0
0
0
0
0
0
0
0
0
0
0
0
0
0
0
0
0
0
0
0
0
0
0
0
0
0
0
0
0
0
0
0
0
0
0
0
0
0
0
0
0
0
0
0
0
0
0
0
0
0
0
0
0
0
0
0
0
0
0
0
0
0
0
0
0
0
0
0
0
0
0
0
0
0
0
0
0
0
0
0
0
0
0
0
0
0
0
0
0
0
0
0
0
0
0
0
0
0
0
0
0
0
0
0
0
0
0
0
0
0
0
0
0
0
0
0
0
0
0
0
0
0
0
0
0
0
0
0
0
0
0
0
0
0
0
0
0
0
0
0
0
0
0
0
0
0
0
0
0
0
0
0
0
0
0
0
0
0
0
0
0
0
0
0
0
0
0
0
0
0
0
0
0
0
0
0
0
0
0
0
0
0
0
0
0
0
0
0
0
0
0
0
0
0
0
0
0
0
0
0
0
0
0
0
0
0
0
0
0
0
0
0
0
0
0
0
0
0
0
0
0
0
0
0
0
0
0
0
0
0
0
0
0
0
0
0
0
0
0
0
0
0
0
0
0
0
0
0
0
0
0
0
0
0
0
0
0
0
0
0
0
0
0
0
0
0
0
0
0
0
0
0
0
0
0
0
0
0
0
0
0
0
0
0
0
0
0
0
0
0
0
0
0
0
0
0
0
0
0
0
0
0
0
0
0
0
0
0
0
0
0
0
0
0
0
0
0
0
0
0
0
0
0
0
0
0
0
0
0
0
0
0
0
0
0
0
0
0
0
0
0
0
0
0
0
0
0
0
0
0
0
0
0
0
0
0
0
0
0
0
0
0
0
0
0
0
0
0
0
0
0
0
0
0
0
0
0
0
0
0
0
0
0
0
0
0
0
0
0
0
0
0
0
0
0
0
0
0
0
0
0
0
0
0
0
0
0
0
0
0
0
0
0
0
0
0
0
0
0
0
0
0
0
0
0
0
0
0
0
0
0
0
0
0
0
0
0
0
0
0
0
0
0
0
0
0
0
0
0
0
0
0
0
0
0
0
0
0
0
0
0
0
0
0
0
0
0
0
0
0
0
0
0
0
0
0
0
0
0
0
0
0
0
0
0
0
0
0
0
0
0
0
0
0
0
0
0
0
0
0
0
0
0
0
0
0
0
0
0
0
0
0
0
0
0
0
0
0
0
0
0
0
0
0
0
0
0
0
0
0
0
0
0
0
0
0
0
0
0
0
0
0
0
0
0
0
0
0
0
0
0
0
0
0
0
0
0
0
0
0
0
0
0
0
0
0
0
0
0
0
0
0
0
0
0
0
0
0
0
0
0
0
0
0
0
0
0
0
0
0
0
0
0
0
0
0
0
0
0
0
0
0
0
0
0
0
0
0
0
0
0
0
0
0
0
0
0
0
0
0
0
0
0
0
0
0
0
0
0
0
0
0
0
0
0
0
0
0
0
0
0
0
0
0
0
0
0
0
0
0
0
0
0
0
0
0
0
0
0
0
0
0
0
0
0
0
0
0
0
0
0
0
0
0
0
0
0
0
0
0
0
0
0
0
0
0
0
0
0
0
0
0
0
0
0
0
0
0
0
0
0
0
0
0
0
0
0
0
0
0
0
0
0
0
0
0
0
0
0
0
0
0
0
0
0
0
0
0
0
0
0
0
0
0
0
0
0
0
0
0
0
0
0
0
0
0
0
0
0
0
0
0
0
0
0
0
0
0
0
0
0
0
0
0
0
0
0
0
0
0
0
0
0
0
0
0
0
0
0
0
0
0
0
0
0
0
0
0
0
0
0
0
0
0
0
0
0
0
0
0
0
0
0
0
0
0
0
0
0
0
0
0
0
0
0
0
0
0
0
0
0
0
0
0
0
0
0
0
0
0
0
0
0
0
0
0
0
0
0
0
0
0
0
0
0
0
0
0
0
0
0
0
0
0
0
0
0
0
0
0
0
0
0
0
0
0
0
0
0
0
0
0
0
0
0
0
0
0
0
0
0
0
0
0
0
0
0
0
0
0
0
0
0
0
0
0
0
0
0
0
0
0
0
0
0
0
0
0
0
0
0
0
0
0
0
0
0
0
0
0
0
0
0
0
0
0
0
0
0
0
0
0
0
0
0
0
0
0
0
0
0
0
0
0
0
0
0
0
0
0
0
0
0
0
0
0
0
0
0
0
0
0
0
0
0
0
0
0
0
0
0
0
0
0
0
0
0
0
0
0
0
0
0
0
0
0
0
0
0
0
0
0
0
0
0
0
0
0
0
0
0
0
0
0
0
0
0
0
0
0
0
0
0
0
0
0
0
0
0
0
0
0
0
0
0
0
0
0
0
0
0
0
0
0
0
0
0
0
0
0
0
0
0
0
0
0
0
0
0
0
0
0
0
0
0
0
0
0
0
0
0
0
0
0
0
0
0
0
0
0
0
0
0
0
0
0
0
0
0
0
0
0
0
0
0
0
0
0
0
0
0
0
0
0
0
0
0
0
0
0
0
0
0
0
0
0
0
0
0
0
0
0
0
0
0
0
0
0
0
0
0
0
0
0
0
0
0
0
0
0
0
0
0
0
0
0
0
0
0
0
0
0
0
0
0
0
0
0
0
0
0
0
0
0
0
0
0
0
0
0
0
0
0
0
0
0
0
0
0
0
0
0
0
0
0
0
0
0
0
0
0
0
0
0
0
0
0
0
0
0
0
0
0
0
0
0
0
0
0
0
0
0
0
0
0
0
0
0
0
0
0
0
0
0
0
0
0
0
0
0
0
0
0
0
0
0
0
0
0
0
0
0
0
0
0
0
0
0
0
0
0
0
0
0
0
0
0
0
0
0
0
0
0
0
0
0
0
0
0
0
0
0
0
0
0
0
0
0
0
0
0
0
0
0
0
0
0
0
0
0
0
0
0
0
0
0
0
0
0
0
0
0
0
0
0
0
0
0
0
0
0
0
0
0
0
0
0
0
0
0
0
0
0
0
0
0
0
0
0
0
0
0
0
0
0
0
0
0
0
0
0
0
0
0
0
0
0
0
0
0
0
0
0
0
0
0
0
0
0
0
0
0
0
0
0
0
0
0
0
0
0
0
0
0
0
0
0
0
0
0
0
0
0
0
0
0
0
0
0
0
0
0
0
0
0
0
0
0
0
0
0
0
0
0
0
0
0
0
0
0
0
0
0
0
0
0
0
0
0
0
0
0
0
0
0
0
0
0
0
0
0
0
0
0
0
0
0
0
0
0
0
0
0
0
0
0
0
0
0
0
0
0
0
0
0
0
0
0
0
0
0
0
0
0
0
0
0
0
0
0
0
0
0
0
0
0
0
0
0
0
0
0
0
0
0
0
0
0
0
0
0
0
0
0
0
0
0
0
0
0
0
0
0
0
0
0
0
0
0
0
0
0
0
0
0
0
0
0
0
0
0
0
0
0
0
0
0
0
0
0
0
0
0
0
0
0
0
0
0
0
0
0
0
0
0
0
0
0
0
0
0
0
0
0
0
0
0
0
0
0
0
0
0
0
0
0
0
0
0
0
0
0
0
0
0
0
0
0
0
0
0
0
0
0
0
0
0
0
0
0
0
0
0
0
0
0
0
0
0
0
0
0
0
0
0
0
0
0
0
0
0
0
0
0
0
0
0
0
0
0
0
0
0
0
0
0
0
0
0
0
0
0
0
0
0
0
0
0
0
0
0
0
0
0
0
0
0
0
0
0
0
0
0
0
0
0
0
0
0
0
0
0
0
0
0
0
0
0
0
0
0
0
0
0
0
0
0
0
0
0
0
0
0
0
0
0
0
0
0
0
0
0
0
0
0
0
0
0
0
0
0
0
0
0
0
0
0
0
0
0
0
0
0
0
0
0
0
0
0
0
0
0
0
0
0
0
0
0
0
0
0
0
0
0
0
0
0
0
0
0
0
0
0
0
0
0
0
0
0
0
0
0
0
0
0
0
0
0
0
0
0
0
0
0
0
0
0
0
0
0
0
0
0
0
0
0
0
0
0
0
0
0
0
0
0
0
0
0
0
0
0
0
0
0
0
0
0
0
0
0
0
0
0
0
0
0
0
0
0
0
0
0
0
0
0
0
0
0
0
0
0
0
0
0
0
0
0
0
0
0
0
0
0
0
0
0
0
0
0
0
0
0
0
0
0
0
0
0
0
0
0
0
0
0
0
0
0
0
0
0
0
0
0
0
0
0
0
0
0
0
0
0
0
0
0
0
0
0
0
0
0
0
0
0
0
0
0
0
0
0
0
0
0
0
0
0
0
0
0
0
0
0
0
0
0
0
0
0
0
0
0
0
0
0
0
0
0
0
0
0
0
0
0
0
0
0
0
0
0
0
0
0
0
0
0
0
0
0
0
0
0
0
0
0
0
0
0
0
0
0
0
0
0
0
0
0
0
0
0
0
0
0
0
0
0
0
0
0
0
0
0
0
0
0
0
0
0
0
0
0
0
0
0
0
0
0
0
0
0
0
0
0
0
0
0
0
0
0
0
0
0
0
0
0
0
0
0
0
0
0
0
0
0
0
0
0
0
0
0
0
0
0
0
0
0
0
0
0
0
0
0
0
0
0
0
0
0
0
0
0
0
0
0
0
0
0
0
0
0
0
0
0
0
0
0
0
0
0
0
0
0
0
0
0
0
0
0
0
0
0
0
0
0
0
0
0
0
0
0
0
0
0
0
0
0
0
0
0
0
0
0
0
0
0
0
0
0
0
0
0
0
0
0
0
0
0
0
0
0
0
0
0
0
0
0
0
0
0
0
0
0
0
0
0
0
0
0
0
0
0
0
0
0
0
0
0
0
0
0
0
0
0
0
0
0
0
0
0
0
0
0
0
0
0
0
0
0
0
0
0
0
0
0
0
0
0
0
0
0
0
0
0
0
0
0
0
0
0
0
0
0
0
0
0
0
0
0
0
0
0
0
0
0
0
0
0
0
0
0
0
0
0
0
0
0
0
0
0
0
0
0
0
0
0
0
0
0
0
0
0
0
0
0
0
0
0
0
0
0
0
0
0
0
0
0
0
0
0
0
0
0
0
0
0
0
0
0
0
0
0
0
0
0
0
0
0
0
0
0
0
0
0
0
0
0
0
0
0
0
0
0
0
0
0
0
0
0
0
0
0
0
0
0
0
0
0
0
0
0
0
0
0
0
0
0
0
0
0
0
0
0
0
0
0
0
0
0
0
0
0
0
0
0
0
0
0
0
0
0
0
0
0
0
0
0
0
0
0
0
0
0
0
0
0
0
0
0
0
0
0
0
0
0
0
0
0
0
0
0
0
0
0
0
0
0
0
0
0
0
0
0
0
0
0
0
0
0
0
0
0
0
0
0
0
0
0
0
0
0
0
0
0
0
0
0
0
0
0
0
0
0
0
0
0
0
0
0
0
0
0
0
0
0
0
0
0
0
0
0
0
0
0
0
0
0
0
0
0
0
0
0
0
0
0
0
0
0
0
0
0
0
0
0
0
0
0
0
0
0
0
0
0
0
0
0
0
0
0
0
0
0
0
0
0
0
0
0
0
0
0
0
0
0
0
0
0
0
0
0
0
0
0
0
0
0
0
0
0
0
0
0
0
0
0
0
0
0
0
0
0
0
0
0
0
0
0
0
0
0
0
0
0
0
0
0
0
0
0
0
0
0
0
0
0
0
0
0
0
0
0
0
0
0
0
0
0
0
0
0
0
0
0
0
0
0
0
0
0
0
0
0
0
0
0
0
0
0
0
0
0
0
0
0
0
0
0
0
0
0
0
0
0
0
0
0
0
0
0
0
0
0
0
0
0
0
0
0
0
0
0
0
0
0
0
0
0
0
0
0
0
0
0
0
0
0
0
0
0
0
0
0
0
0
0
0
0
0
0
0
0
0
0
0
0
0
0
0
0
0
0
0
0
0
0
0
0
0
0
0
0
0
0
0
0
0
0
0
0
0
0
0
0
0
0
0
0
0
0
0
0
0
0
0
0
0
0
0
0
0
0
0
0
0
0
0
0
0
0
0
0
0
0
0
0
0
0
0
0
0
0
0
0
0
0
0
0
0
0
0
0
0
0
0
0
0
0
0
0
0
0
0
0
0
0
0
0
0
0
0
0
0
0
0
0
0
0
0
0
0
0
0
0
0
0
0
0
0
0
0
0
0
0
0
0
0
0
0
0
0
0
0
0
0
0
0
0
0
0
0
0
0
0
0
0
0
0
0
0
0
0
0
0
0
0
0
0
0
0
0
0
0
0
0
0
0
0
0
0
0
0
0
0
0
0
0
0
0
0
0
0
0
0
0
0
0
0
0
0
0
0
0
0
0
0
0
0
0
0
0
0
0
0
0
0
0
0
0
0
0
0
0
0
0
0
0
0
0
0
0
0
0
0
0
0
0
0
0
0
0
0
0
0
0
0
0
0
0
0
0
0
0
0
0
0
0
0
0
0
0
0
0
0
0
0
0
0
0
0
0
0
0
0
0
0
0
0
0
0
0
0
0
0
0
0
0
0
0
0
0
0
0
0
0
0
0
0
0
0
0
0
0
0
0
0
0
0
0
0
0
0
0
0
0
0
0
0
0
0
0
0
0
0
0
0
0
0
0
0
0
0
0
0
0
0
0
0
0
0
0
0
0
0
0
0
0
0
0
0
0
0
0
0
0
0
0
0
0
0
0
0
0
0
0
0
0
0
0
0
0
0
0
0
0
0
0
0
0
0
0
0
0
0
0
0
0
0
0
0
0
0
0
0
0
0
0
0
0
0
0
0
0
0
0
0
0
0
0
0
0
0
0
0
0
0
0
0
0
0
0
0
0
0
0
0
0
0
0
0
0
0
0
0
0
0
0
0
0
0
0
0
0
0
0
0
0
0
0
0
0
0
0
0
0
0
0
0
0
0
0
0
0
0
0
0
0
0
0
0
0
0
0
0
0
0
0
0
0
0
0
0
0
0
0
0
0
0
0
0
0
0
0
0
0
0
0
0
0
0
0
0
0
0
0
0
0
0
0
0
0
0
0
0
0
0
0
0
0
0
0
0
0
0
0
0
0
0
0
0
0
0
0
0
0
0
0
0
0
0
0
0
0
0
0
0
0
0
0
0
0
0
0
0
0
0
0
0
0
0
0
0
0
0
0
0
0
0
0
0
0
0
0
0
0
0
0
0
0
0
0
0
0
0
0
0
0
0
0
0
0
0
0
0
0
0
0
0
0
0
0
0
0
0
0
0
0
0
0
0
0
0
0
0
0
0
0
0
0
0
0
0
0
0
0
0
0
0
0
0
0
0
0
0
0
0
0
0
0
0
0
0
0
0
0
0
0
0
0
0
0
0
0
0
0
0
0
0
0
0
0
0
0
0
0
0
0
0
0
0
0
0
0
0
0
0
0
0
0
0
0
0
0
0
0
0
0
0
0
0
0
0
0
0
0
0
0
0
0
0
0
0
0
0
0
0
0
0
0
0
0
0
0
0
0
0
0
0
0
0
0
0
0
0
0
0
0
0
0
0
0
0
0
0
0
0
0
0
0
0
0
0
0
0
0
0
0
0
0
0
0
0
0
0
0
0
0
0
0
0
0
0
0
0
0
0
0
0
0
0
0
0
0
0
0
0
0
0
0
0
0
0
0
0
0
0
0
0
0
0
0
0
0
0
0
0
0
0
0
0
0
0
0
0
0
0
0
0
0
0
0
0
0
0
0
0
0
0
0
0
0
0
0
0
0
0
0
0
0
0
0
0
0
0
0
0
0
0
0
0
0
0
0
0
0
0
0
0
0
0
0
0
0
0
0
0
0
0
0
0
0
0
0
0
0
0
0
0
0
0
0
0
0
0
0
0
0
0
0
0
0
0
0
0
0
0
0
0
0
0
0
0
0
0
0
0
0
0
0
0
0
0
0
0
0
0
0
0
0
0
0
0
0
0
0
0
0
0
0
0
0
0
0
0
0
0
0
0
0
0
0
0
0
0
0
0
0
0
0
0
0
0
0
0
0
0
0
0
0
0
0
0
0
0
0
0
0
0
0
0
0
0
0
0
0
0
0
0
0
0
0
0
0
0
0
0
0
0
0
0
0
0
0
0
0
0
0
0
0
0
0
0
0
0
0
0
0
0
0
0
0
0
0
0
0
0
0
0
0
0
0
0
0
0
0
0
0
0
0
0
0
0
0
0
0
0
0
0
0
0
0
0
0
0
0
0
0
0
0
0
0
0
0
0
0
0
0
0
0
0
0
0
0
0
0
0
0
0
0
0
0
0
0
0
0
0
0
0
0
0
0
0
0
0
0
0
0
0
0
0
0
0
0
0
0
0
0
0
0
0
0
0
0
0
0
0
0
0
0
0
0
0
0
0
0
0
0
0
0
0
0
0
0
0
0
0
0
0
0
0
0
0
0
0
0
0
0
0
0
0
0
0
0
0
0
0
0
0
0
0
0
0
0
0
0
0
0
0
0
0
0
0
0
0
0
0
0
0
0
0
0
0
0
0
0
0
0
0
0
0
0
0
0
0
0
0
0
0
0
0
0
0
0
0
0
0
0
0
0
0
0
0
0
0
0
0
0
0
0
0
0
0
0
0
0
0
0
0
0
0
0
0
0
0
0
0
0
0
0
0
0
0
0
0
0
0
0
0
0
0
0
0
0
0
0
0
0
0
0
0
0
0
0
0
0
0
0
0
0
0
0
0
0
0
0
0
0
0
0
0
0
0
0
0
0
0
0
0
0
0
0
0
0
0
0
0
0
0
0
0
0
0
0
0
0
0
0
0
0
0
0
0
0
0
0
0
0
0
0
0
0
0
0
0
0
0
0
0
0
0
0
0
0
0
0
0
0
0
0
0
0
0
0
0
0
0
0
0
0
0
0
0
0
0
0
0
0
0
0
0
0
0
0
0
0
0
0
0
0
0
0
0
0
0
0
0
0
0
0
0
0
0
0
0
0
0
0
0
0
0
0
0
0
0
0
0
0
0
0
0
0
0
0
0
0
0
0
0
0
0
0
0
0
0
0
0
0
0
0
0
0
0
0
0
0
0
0
0
0
0
0
0
0
0
0
0
0
0
0
0
0
0
0
0
0
0
0
0
0
0
0
0
0
0
0
0
0
0
0
0
0
0
0
0
0
0
0
0
0
0
0
0
0
0
0
0
0
0
0
0
0
0
0
0
0
0
0
0
0
0
0
0
0
0
0
0
0
0
0
0
0
0
0
0
0
0
0
0
0
0
0
0
0
0
0
0
0
0
0
0
0
0
0
0
0
0
0
0
0
0
0
0
0
0
0
0
0
0
0
0
0
0
0
0
0
0
0
0
0
0
0
0
0
0
0
0
0
0
0
0
0
0
0
0
0
0
0
0
0
0
0
0
0
0
0
0
0
0
0
0
0
0
0
0
0
0
0
0
0
0
0
0
0
0
0
0
0
0
0
0
0
0
0
0
0
0
0
0
0
0
0
0
0
0
0
0
0
0
0
0
0
0
0
0
0
0
0
0
0
0
0
0
0
0
0
0
0
0
0
0
0
0
0
0
0
0
0
0
0
0
0
0
0
0
0
0
0
0
0
0
0
0
0
0
0
0
0
0
0
0
0
0
0
0
0
0
0
0
0
0
0
0
0
0
0
0
0
0
0
0
0
0
0
0
0
0
0
0
0
0
0
0
0
0
0
0
0
0
0
0
0
0
0
0
0
0
0
0
0
0
0
0
0
0
0
0
0
0
0
0
0
0
0
0
0
0
0
0
0
0
0
0
0
0
0
0
0
0
0
0
0
0
0
0
0
0
0
0
0
0
0
0
0
0
0
0
0
0
0
0
0
0
0
0
0
0
0
0
0
0
0
0
0
0
0
0
0
0
0
0
0
0
0
0
0
0
0
0
0
0
0
0
0
0
0
0
0
0
0
0
0
0
0
0
0
0
0
0
0
0
0
0
0
0
0
0
0
0
0
0
0
0
0
0
0
0
0
0
0
0
0
0
0
0
0
0
0
0
0
0
0
0
0
0
0
0
0
0
0
0
0
0
0
0
0
0
0
0
0
0
0
0
0
0
0
0
0
0
0
0
0
0
0
0
0
0
0
0
0
0
0
0
0
0
0
0
0
0
0
0
0
0
0
0
0
0
0
0
0
0
0
0
0
0
0
0
0
0
0
0
0
0
0
0
0
0
0
0
0
0
0
0
0
0
0
0
0
0
0
0
0
0
0
0
0
0
0
0
0
0
0
0
0
0
0
0
0
0
0
0
0
0
0
0
0
0
0
0
0
0
0
0
0
0
0
0
0
0
0
0
0
0
0
0
0
0
0
0
0
0
0
0
0
0
0
0
0
0
0
0
0
0
0
0
0
0
0
0
0
0
0
0
0
0
0
0
0
0
0
0
0
0
0
0
0
0
0
0
0
0
0
0
0
0
0
0
0
0
0
0
0
0
0
0
0
0
0
0
0
0
0
0
0
0
0
0
0
0
0
0
0
0
0
0
0
0
0
0
0
0
0
0
0
0
0
0
0
0
0
0
0
0
0
0
0
0
0
0
0
0
0
0
0
0
0
0
0
0
0
0
0
0
0
0
0
0
0
0
0
0
0
0
0
0
0
0
0
0
0
0
0
0
0
0
0
0
0
0
0
0
0
0
0
0
0
0
0
0
0
0
0
0
0
0
0
0
0
0
0
0
0
0
0
0
0
0
0
0
0
0
0
0
0
0
0
0
0
0
0
0
0
0
0
0
0
0
0
0
0
0
0
0
0
0
0
0
0
0
0
0
0
0
0
0
0
0
0
0
0
0
0
0
0
0
0
0
0
0
0
0
0
0
0
0
0
0
0
0
0
0
0
0
0
0
0
0
0
0
0
0
0
0
0
0
0
0
0
0
0
0
0
0
0
0
0
0
0
0
0
0
0
0
0
0
0
0
0
0
0
0
0
0
0
0
0
0
0
0
0
0
0
0
0
0
0
0
0
0
0
0
0
0
0
0
0
0
0
0
0
0
0
0
0
0
0
0
0
0
0
0
0
0
0
0
0
0
0
0
0
0
0
0
0
0
0
0
0
0
