0
-0.000232093
7.9709e-05
0.000186627
-0.000145054
-5.08508e-05
2.7922e-05
9.16298e-05
7.94913e-07
-8.89131e-05
-0.000173349
0.000401633
-8.98554e-06
-0.000522982
0.000154932
0.000784424
-0.000715997
-0.00055636
0.00106378
0.000253004
-0.00143283
0.00043246
0.00131575
-0.00100069
-0.000883806
0.00126555
0.00037111
-0.00126379
0.00023051
0.000604496
6.61873e-06
-0.000451111
-7.7593e-05
-3.25846e-05
0.00103918
-0.000759186
-0.000873811
0.000895681
0.00107627
-0.00160115
-0.00022547
0.00107466
0.000113545
-0.000495993
-0.000407543
6.50215e-05
0.000881557
0.000302158
-0.00188324
0.00062524
0.00116277
-0.000157213
-0.00112456
0.000177673
0.000123023
0.00116628
-0.000405266
-0.00171376
0.000851929
0.0010806
-5.03853e-05
-0.00101417
-0.000279723
-7.48447e-05
0.00199562
-0.000652081
-0.00152585
0.000183043
0.000564018
0.00116793
-0.000290017
-0.00142838
-0.000781989
0.00196823
0.000272916
0.000155479
-0.00132101
-0.00140218
0.00184046
0.000876868
0.000339884
-0.00132956
-0.00134256
9.0107e-05
0.00212418
0.000709158
-0.000708697
-0.00120659
-0.00201719
0.00200671
0.00123311
0.00102203
-0.000419402
-0.0029521
-0.000349542
0.000386563
0.00229423
0.0017195
-0.000657614
-0.00214164
-0.00213504
-0.000250092
0.00164113
0.00322351
0.000827874
-0.000403935
-0.00292437
-0.00324229
1.89134e-05
0.00065343
0.00433243
0.00279805
0.000477661
-0.0010246
-0.00533315
-0.00297979
-0.00245289
0.00102787
0.00524212
0.00431445
0.00583547
0.00104144
-0.00248085
-0.00513632
-0.00935078
-0.00653167
-0.00575983
-0.000353193
0.00608065
0.00937168
0.0159525
0.0154863
0.0152257
0.0116265
0.00220034
-0.00527967
-0.0201474
-0.0336733
-0.0491279
-0.0684013
-0.0838083
-0.104617
-0.122625
-0.141136
-0.162208
-0.179238
-0.200076
-0.218708
-0.237013
-0.257175
-0.274758
-0.29365
-0.312468
-0.329842
-0.348143
-0.366476
-0.382502
-0.401382
-0.417618
-0.433574
-0.452311
-0.465644
-0.48365
-0.49886
-0.512626
-0.530109
-0.542475
-0.557667
-0.572098
-0.584526
-0.598283
-0.61175
-0.622637
-0.635898
-0.647807
-0.656909
-0.670783
-0.678736
-0.689247
-0.700109
-0.707139
-0.716995
-0.725476
-0.732036
-0.739803
-0.747864
-0.751397
-0.759998
-0.764333
-0.76804
-0.7747
-0.7771
-0.780287
-0.784494
-0.786401
-0.786827
-0.791364
-0.789532
-0.790699
-0.791976
-0.789763
-0.788828
-0.788909
-0.785176
-0.782361
-0.781881
-0.775257
-0.772674
-0.768853
-0.762779
-0.756612
-0.75344
-0.744107
-0.737986
-0.732141
-0.722647
-0.714031
-0.707426
-0.696743
-0.686061
-0.678894
-0.666394
-0.655083
-0.645237
-0.633756
-0.618828
-0.609557
-0.595642
-0.581228
-0.568163
-0.556224
-0.538437
-0.525518
-0.511414
-0.494864
-0.477977
-0.465191
-0.447001
-0.429551
-0.414401
-0.398037
-0.377862
-0.362072
-0.345462
-0.325582
-0.306769
-0.291082
-0.271174
-0.250822
-0.233719
-0.215679
-0.193829
-0.175121
-0.157741
-0.136984
-0.115531
-0.0982565
-0.07892
-0.0569854
-0.0370983
-0.0199557
0.00149484
0.0228097
0.0413664
0.0593038
0.0819686
0.101639
0.119654
0.138477
0.161272
0.179099
0.197144
0.216414
0.238537
0.254781
0.272923
0.29213
0.313084
0.328144
0.345989
0.364832
0.384271
0.398539
0.415413
0.433823
0.451468
0.465249
0.480426
0.498386
0.514106
0.527503
0.540478
0.557717
0.57171
0.58449
0.595236
0.610967
0.623832
0.635441
0.644464
0.657458
0.669868
0.679774
0.687799
0.696998
0.708906
0.71716
0.724542
0.729994
0.739981
0.747319
0.753729
0.756969
0.762858
0.769671
0.774523
0.77754
0.778614
0.783555
0.786644
0.789887
0.7886
0.789268
0.790506
0.792102
0.791909
0.788352
0.786994
0.784837
0.785138
0.781147
0.776728
0.771387
0.767414
0.764818
0.758833
0.752867
0.743749
0.737948
0.731566
0.725142
0.716803
0.705496
0.696473
0.686425
0.679358
0.669168
0.657509
0.644598
0.630902
0.620986
0.609478
0.599135
0.584656
0.568556
0.553051
0.537531
0.526455
0.513365
0.500243
0.483221
0.463205
0.444694
0.425891
0.412567
0.399396
0.386243
0.370856
0.349389
0.327213
0.301977
0.280204
0.262633
0.248032
0.238686
0.226925
0.213946
0.195324
0.16942
0.140399
0.105596
0.0724383
0.0417483
0.0157409
-0.000101602
-0.00944013
-0.00763323
0.00282386
0.0199069
0.0462148
0.0755381
0.110529
0.148956
0.187767
0.230714
0.272495
0.315515
0.359962
0.402071
0.446621
0.489653
0.531938
0.576038
0.617161
0.659679
0.701832
0.741692
0.783744
0.823313
0.862557
0.902984
0.940177
0.978823
1.01664
1.05205
1.08948
1.12428
1.15835
1.19367
1.22554
1.25831
1.29075
1.32007
1.35116
1.38027
1.40737
1.43621
1.46187
1.48691
1.51291
1.53522
1.55812
1.58083
1.59998
1.6205
1.63965
1.6558
1.67364
1.68911
1.70232
1.7172
1.72896
1.73926
1.75094
1.75904
1.76635
1.77467
1.77917
1.78342
1.7883
1.78925
1.79034
1.79176
1.78921
1.78706
1.78504
1.77906
1.77359
1.7682
1.75885
1.75001
1.74133
1.72869
1.71645
1.70459
1.68877
1.67309
1.65815
1.63932
1.62021
1.60226
1.58063
1.55812
1.53722
1.51303
1.48721
1.46334
1.43689
1.40795
1.38104
1.35258
1.32085
1.29079
1.26049
1.22646
1.19319
1.16103
1.1253
1.08892
1.05467
1.01783
0.978772
0.942027
0.904447
0.863496
0.82392
0.785513
0.743712
0.701369
0.661539
0.619779
0.575449
0.533388
0.491871
0.446971
0.402354
0.360313
0.316215
0.269864
0.226043
0.183047
0.136842
0.0907504
0.047638
0.00322511
-0.0438113
-0.0886919
-0.131544
-0.177037
-0.22363
-0.267017
-0.309801
-0.355574
-0.400837
-0.442708
-0.485209
-0.530391
-0.573818
-0.614102
-0.655816
-0.699682
-0.740995
-0.779466
-0.819759
-0.861767
-0.900793
-0.937095
-0.975301
-1.01504
-1.05166
-1.08539
-1.12084
-1.15795
-1.19208
-1.22289
-1.25492
-1.28898
-1.3206
-1.34831
-1.37628
-1.40669
-1.43574
-1.46047
-1.48396
-1.50986
-1.53602
-1.55819
-1.57725
-1.5977
-1.62004
-1.63999
-1.65549
-1.67001
-1.68694
-1.70418
-1.71746
-1.72698
-1.73705
-1.74951
-1.76097
-1.76788
-1.77172
-1.77679
-1.78407
-1.78983
-1.79087
-1.78893
-1.78826
-1.78991
-1.7904
-1.78626
-1.77851
-1.77131
-1.76676
-1.76233
-1.75401
-1.74106
-1.72687
-1.71501
-1.70518
-1.69363
-1.6773
-1.6571
-1.6369
-1.61952
-1.60387
-1.58612
-1.56349
-1.5369
-1.51004
-1.48599
-1.46445
-1.44214
-1.41562
-1.38419
-1.3504
-1.31801
-1.28902
-1.26231
-1.23447
-1.20233
-1.16513
-1.12495
-1.08534
-1.04904
-1.01643
-0.985356
-0.952457
-0.915002
-0.872281
-0.825877
-0.778848
-0.734304
-0.694107
-0.658193
-0.624713
-0.590799
-0.55359
-0.51112
-0.462833
-0.409619
-0.353488
-0.297033
-0.242874
-0.193214
-0.149576
-0.112729
-0.0827567
-0.059216
-0.0413273
-0.028151
-0.0187285
-0.0121772
-0.00774296
-0.00481772
-0.00293496
-0.00175157
-0.00102457
-0.000587701
-0.000330732
-0.000182679
-9.9078e-05
-5.27851e-05
-2.76346e-05
-1.42218e-05
-7.19722e-06
-3.58278e-06
-1.7549e-06
-8.46032e-07
-4.01554e-07
-1.87689e-07
-8.64128e-08
-3.91983e-08
-1.75229e-08
-7.72127e-09
-3.35435e-09
-1.43698e-09
-6.07161e-10
-2.53073e-10
-1.04077e-10
-4.22383e-11
-1.69189e-11
-6.68995e-12
-2.61171e-12
-1.0068e-12
-3.83303e-13
-1.44138e-13
-5.35446e-14
-1.9652e-14
-7.12702e-15
-2.5543e-15
-9.04797e-16
-3.16807e-16
-1.09661e-16
-3.75293e-17
-1.26997e-17
-4.2498e-18
-1.40649e-18
-4.60406e-19
-1.49081e-19
-4.77552e-20
-1.51347e-20
-4.74593e-21
-1.47265e-21
-4.52212e-22
-1.37431e-22
-4.13395e-23
-1.23087e-23
-3.62795e-24
-1.05863e-24
-3.05836e-25
-8.74837e-26
-2.47794e-26
-6.95033e-27
-1.93064e-27
-5.31138e-28
-1.44726e-28
-3.90617e-29
-1.04434e-29
-2.76596e-30
-7.25754e-31
-1.88667e-31
-4.85945e-32
-1.24019e-32
-3.13635e-33
-7.85987e-34
-1.95202e-34
-4.80453e-35
-1.17203e-35
-2.83378e-36
-6.79133e-37
-1.61334e-37
-3.79925e-38
-8.8693e-39
-2.05268e-39
-4.70987e-40
-1.07146e-40
-2.41676e-41
-5.40509e-42
-1.19868e-42
-2.63601e-43
-5.74849e-44
-1.2432e-44
-2.66638e-45
-5.67171e-46
-1.19656e-46
-2.50377e-47
-5.19651e-48
-1.0698e-48
-2.18463e-49
-4.42541e-50
-8.89294e-51
-1.77282e-51
-3.50614e-52
-6.87936e-53
-1.33917e-53
-2.58646e-54
-4.95646e-55
-9.42421e-56
-1.77803e-56
-3.32862e-57
-6.18351e-58
-1.13989e-58
-2.08524e-59
-3.78557e-60
-6.8202e-61
-1.21945e-61
-2.16394e-62
-3.81111e-63
-6.66179e-64
-1.15578e-64
-1.99029e-65
-3.40192e-66
-5.77174e-67
-9.72022e-68
-1.62495e-68
-2.69656e-69
-4.44218e-70
-7.2645e-71
-1.17937e-71
-1.90079e-72
-3.04139e-73
-4.83137e-74
-7.61969e-75
-1.19312e-75
-1.85487e-76
-2.86313e-77
-4.38804e-78
-6.67746e-79
-1.00895e-79
-1.51376e-80
-2.25517e-81
-3.33614e-82
-4.90071e-83
-7.14878e-84
-1.03555e-84
-1.48963e-85
-2.12799e-86
-3.01887e-87
-4.25319e-88
-5.95093e-89
-8.26918e-90
-1.14118e-90
-1.5641e-91
-2.12914e-92
-2.87857e-93
-3.86536e-94
-5.15523e-95
-6.82902e-96
-8.98519e-97
-1.17425e-97
-1.52428e-98
-1.96537e-99
-2.51712e-100
-3.20224e-101
-4.04664e-102
-5.07966e-103
-6.33401e-104
-7.8457e-105
-9.65383e-106
-1.18001e-106
-1.43284e-107
-1.72839e-108
-2.07118e-109
-2.46567e-110
-2.91606e-111
-3.42616e-112
-3.99919e-113
-4.63762e-114
-5.34296e-115
-6.11557e-116
-6.95446e-117
-7.85717e-118
-8.81963e-119
-9.83602e-120
-1.08988e-120
-1.19986e-121
-1.31243e-122
-1.42636e-123
-1.54022e-124
-1.65252e-125
-1.76167e-126
-1.86603e-127
-1.96396e-128
-2.05386e-129
-2.13421e-130
-2.2036e-131
-2.26081e-132
-2.3048e-133
-2.33476e-134
-2.35016e-135
-2.35071e-136
-2.33642e-137
-2.30758e-138
-2.26475e-139
-2.20874e-140
-2.14057e-141
-2.06149e-142
-1.97289e-143
-1.87626e-144
-1.77321e-145
-1.66534e-146
-1.55426e-147
-1.44154e-148
-1.32867e-149
-1.217e-150
-1.10779e-151
-1.0021e-152
-9.00873e-154
-8.04842e-155
-7.14589e-156
-6.30526e-157
-5.52908e-158
-4.81845e-159
-4.1732e-160
-3.59203e-161
-3.07271e-162
-2.61226e-163
-2.20712e-164
-1.85332e-165
-1.54666e-166
-1.2828e-167
-1.05741e-168
-8.66272e-170
-7.05324e-171
-5.70754e-172
-4.59026e-173
-3.66906e-174
-2.91476e-175
-2.30135e-176
-1.80591e-177
-1.40846e-178
-1.09176e-179
-8.41103e-181
-6.44033e-182
-4.90125e-183
-3.70719e-184
-2.78692e-185
-2.08231e-186
-1.54636e-187
-1.14135e-188
-8.37283e-190
-6.10479e-191
-4.42401e-192
-3.18645e-193
-2.28111e-194
-1.62306e-195
-1.14781e-196
-8.06781e-198
-5.63626e-199
-3.9136e-200
-2.70092e-201
-1.85267e-202
-1.2631e-203
-8.55904e-205
-5.76456e-206
-3.85885e-207
-2.56745e-208
-1.69785e-209
-1.11596e-210
-7.29035e-212
-4.7337e-213
-3.05496e-214
-1.95958e-215
-1.24931e-216
-7.91643e-218
-4.98586e-219
-3.12106e-220
-1.94184e-221
-1.20082e-222
-7.38055e-224
-4.50869e-225
-2.73754e-226
-1.65203e-227
-9.90889e-229
-5.90715e-230
-3.50008e-231
-2.06121e-232
-1.20646e-233
-7.01855e-235
-4.05812e-236
-2.33209e-237
-1.332e-238
-7.56148e-240
-4.26626e-241
-2.39236e-242
-1.33335e-243
-7.38576e-245
-4.06614e-246
-2.22486e-247
-1.20992e-248
-6.53944e-250
-3.51281e-251
-1.87541e-252
-9.95095e-254
-5.24757e-255
-2.75027e-256
-1.43257e-257
-7.41608e-259
-3.81551e-260
-1.95096e-261
-9.91422e-263
-5.00706e-264
-2.51315e-265
-1.25361e-266
-6.21462e-268
-3.06177e-269
-1.49911e-270
-7.29451e-272
-3.52742e-273
-1.69518e-274
-8.09598e-276
-3.84251e-277
-1.81239e-278
-8.49521e-280
-3.95715e-281
-1.83178e-282
-8.42646e-284
-3.85206e-285
-1.74992e-286
-7.89974e-288
-3.54387e-289
-1.57982e-290
-6.99848e-292
-3.08077e-293
-1.34764e-294
-5.8579e-296
-2.53024e-297
-1.086e-298
-4.63174e-300
-1.96291e-301
-8.266e-303
-3.4588e-304
-1.4381e-305
-5.94127e-307
-2.43891e-308
-9.94795e-310
-4.03171e-311
-1.62353e-312
-6.49591e-314
-2.58242e-315
-1.02004e-316
-4.00317e-318
-1.5607e-319
-6.02266e-321
-2.2727e-322
-4.94066e-324
0
0
0
