0
5.63392e-05
-2.73149e-05
-4.29057e-05
4.79967e-05
1.91996e-05
-5.66166e-05
8.25736e-06
5.1877e-05
-3.32618e-05
-3.45669e-05
4.88217e-05
1.04754e-05
-5.26111e-05
1.52497e-05
4.3134e-05
-3.48058e-05
-2.51343e-05
4.54684e-05
1.9353e-06
-4.33707e-05
1.8073e-05
3.24989e-05
-3.23883e-05
-1.43726e-05
3.5629e-05
-2.7005e-06
-3.13401e-05
1.71909e-05
1.90516e-05
-2.25447e-05
-6.96808e-06
2.23611e-05
-4.59599e-06
-1.45863e-05
8.22842e-06
7.85653e-06
-8.47309e-06
-1.10665e-06
2.32035e-06
2.20406e-06
8.13542e-07
-5.23189e-06
-3.22833e-06
1.39226e-05
-3.84986e-06
-1.73109e-05
1.31464e-05
1.80198e-05
-2.84716e-05
-6.02285e-06
3.6754e-05
-1.0272e-05
-4.03298e-05
3.48804e-05
2.70995e-05
-5.23491e-05
-5.86754e-06
6.41018e-05
-2.80269e-05
-5.52595e-05
5.71356e-05
3.38183e-05
-8.15364e-05
6.33665e-06
8.29147e-05
-4.63437e-05
-6.75293e-05
8.50185e-05
2.71782e-05
-0.000101043
1.94832e-05
9.78814e-05
-7.04976e-05
-6.45284e-05
0.000102167
1.80928e-05
-0.000114874
3.94736e-05
9.47781e-05
-8.35635e-05
-5.603e-05
0.000111512
1.19141e-07
-0.000107584
4.94169e-05
8.19933e-05
-8.73766e-05
-3.56315e-05
9.76434e-05
-1.08551e-05
-8.61301e-05
5.01663e-05
5.39019e-05
-6.78136e-05
-1.75498e-05
6.59774e-05
-1.40314e-05
-4.71171e-05
2.98554e-05
2.32754e-05
-2.89491e-05
-5.42056e-06
1.71672e-05
-4.79724e-07
-2.24867e-06
-9.18501e-06
-1.7098e-06
2.32904e-05
-5.63959e-06
-3.76721e-05
3.04856e-05
3.37108e-05
-5.52484e-05
-1.62895e-05
7.84377e-05
-2.35608e-05
-7.61219e-05
6.21082e-05
5.70589e-05
-9.98701e-05
-8.89232e-06
0.00010719
-3.9321e-05
-9.56316e-05
8.99274e-05
4.95521e-05
-0.000108934
-1.20265e-06
0.000109523
-5.32998e-05
-7.39976e-05
7.84085e-05
3.52005e-05
-8.77886e-05
1.13592e-05
6.40786e-05
-3.16277e-05
-3.90453e-05
3.92881e-05
9.16539e-06
-2.08339e-05
-3.53396e-06
5.24599e-06
9.5475e-06
7.5743e-06
-3.33911e-05
3.91737e-06
5.03344e-05
-3.01685e-05
-5.39125e-05
6.71208e-05
3.17463e-05
-9.54619e-05
1.15294e-05
0.000100041
-6.01879e-05
-7.87357e-05
0.000101948
2.96772e-05
-0.000112647
2.02843e-05
0.00010069
-6.71606e-05
-5.73278e-05
7.92273e-05
1.89122e-05
-7.52225e-05
1.88742e-05
4.15507e-05
-2.04844e-05
-2.11411e-05
1.37031e-05
3.1033e-06
1.60269e-05
-2.19287e-05
-2.30249e-05
4.36276e-05
2.12451e-05
-7.89082e-05
1.75062e-05
8.43341e-05
-5.79416e-05
-7.20215e-05
0.000102203
2.49438e-05
-0.000114588
2.57473e-05
0.000101257
-7.048e-05
-6.0502e-05
8.69906e-05
1.43607e-05
-7.32877e-05
1.50142e-05
4.55736e-05
-2.32846e-05
-1.34891e-05
1.47141e-07
1.05915e-05
2.01614e-05
-2.21457e-05
-4.00968e-05
6.38511e-05
1.88697e-05
-8.70161e-05
1.23621e-05
0.000103328
-7.01728e-05
-7.14313e-05
9.90253e-05
3.23866e-05
-0.000114803
2.53968e-05
8.4535e-05
-5.02755e-05
-5.04318e-05
5.68091e-05
1.13976e-05
-2.92191e-05
-4.37071e-06
2.25539e-06
2.11114e-05
1.02657e-05
-5.32034e-05
5.18883e-06
8.00877e-05
-4.94456e-05
-7.25385e-05
8.83377e-05
4.42669e-05
-0.000119295
1.4769e-05
0.000102057
-5.03185e-05
-7.43164e-05
7.62587e-05
2.12815e-05
-5.12978e-05
-5.00707e-06
2.77915e-05
1.1476e-06
6.17574e-06
-3.89946e-05
3.29623e-06
6.47268e-05
-2.98009e-05
-7.99625e-05
7.93331e-05
5.42897e-05
-0.000111149
-6.90369e-06
0.000111652
-3.90061e-05
-8.41144e-05
6.70829e-05
3.45653e-05
-4.98037e-05
-1.21907e-05
2.51287e-05
4.78936e-06
1.42567e-05
-4.5503e-05
-6.17263e-06
7.19248e-05
-1.39459e-05
-9.87276e-05
7.17053e-05
7.06609e-05
-9.9818e-05
-3.30592e-05
0.00011112
-1.94644e-05
-7.74395e-05
3.73454e-05
3.75972e-05
-2.34696e-05
-1.33068e-05
-1.00257e-05
1.83823e-05
4.42763e-05
-6.24919e-05
-3.44774e-05
9.4194e-05
8.10754e-06
-0.000119842
5.26694e-05
8.65747e-05
-7.40715e-05
-5.27855e-05
8.22337e-05
3.01598e-06
-3.84491e-05
-4.7651e-06
8.58269e-06
2.57104e-05
9.08549e-06
-7.06225e-05
1.78711e-05
9.31127e-05
-6.59165e-05
-7.60775e-05
9.90058e-05
3.83142e-05
-0.000109784
1.53538e-05
6.75657e-05
-2.00711e-05
-3.64235e-05
9.96066e-06
2.82365e-06
4.41855e-05
-3.21472e-05
-6.08043e-05
6.55489e-05
6.14716e-05
-0.000112702
-1.3056e-05
0.000113056
-2.96e-05
-8.22343e-05
4.6496e-05
3.9586e-05
-2.88707e-05
-9.12783e-06
-2.28042e-05
3.4617e-05
4.18663e-05
-6.64704e-05
-4.64608e-05
0.000117988
-8.49076e-06
-0.000108086
4.03001e-05
8.51554e-05
-6.45914e-05
-3.03213e-05
3.03769e-05
1.46765e-05
1.19459e-05
-3.36113e-05
-3.90922e-05
7.64009e-05
3.16477e-05
-0.000118685
2.11945e-05
0.000104237
-4.94453e-05
-7.74287e-05
6.74054e-05
1.96143e-05
-1.80402e-05
-2.08038e-05
-1.62869e-05
3.9068e-05
4.66595e-05
-9.46649e-05
-1.857e-05
0.00011771
-2.62319e-05
-0.000100283
5.35189e-05
6.05814e-05
-5.06091e-05
-1.32639e-05
-6.78564e-06
2.92986e-05
3.59947e-05
-5.53753e-05
-5.69849e-05
0.000114123
9.09825e-06
-0.000112313
2.42599e-05
8.81413e-05
-4.42266e-05
-3.60953e-05
1.21516e-05
1.19083e-05
4.38119e-05
-4.0981e-05
-6.52058e-05
7.71616e-05
6.37139e-05
-0.000121781
-4.74529e-06
9.19121e-05
-1.17458e-05
-5.82585e-05
1.31872e-05
5.50353e-06
4.5025e-05
-1.33116e-05
-8.62088e-05
5.13907e-05
9.01575e-05
-8.77364e-05
-6.0699e-05
9.93178e-05
6.57318e-06
-4.34029e-05
-1.52291e-05
7.153e-06
3.76561e-05
2.74253e-05
-0.00010369
1.29141e-05
0.000111956
-4.72664e-05
-8.9643e-05
6.39722e-05
4.1457e-05
-3.29246e-05
-1.24225e-05
-3.36783e-05
4.95064e-05
5.27446e-05
-8.33171e-05
-5.3664e-05
0.000126221
-5.37952e-06
-8.73281e-05
1.42189e-05
4.49616e-05
3.37074e-06
-3.22914e-06
-6.24222e-05
1.38166e-05
0.000106364
-6.49198e-05
-8.53654e-05
7.8435e-05
5.58304e-05
-7.21255e-05
-7.2312e-06
-3.3584e-06
3.97204e-05
3.42487e-05
-7.78153e-05
-4.12831e-05
0.000121053
-8.81047e-07
-0.000107684
3.18982e-05
4.75453e-05
1.00343e-06
-1.8994e-05
-4.42179e-05
7.62513e-06
0.000107986
-6.69375e-05
-8.6451e-05
7.98526e-05
5.52892e-05
-6.58049e-05
-1.70202e-05
1.97604e-06
3.16563e-05
5.21473e-05
-9.19866e-05
-3.73075e-05
0.000110639
1.58813e-05
-0.000108514
2.49822e-05
3.31176e-05
2.00624e-05
-5.18706e-06
-7.07338e-05
7.21263e-06
0.000113398
-4.62248e-05
-0.000102246
7.16455e-05
4.01028e-05
-1.78602e-05
-2.97561e-05
-3.08976e-05
3.44838e-05
8.87102e-05
-9.78413e-05
-5.87391e-05
0.000100941
2.42677e-05
-5.98502e-05
-1.58349e-05
-3.76598e-08
4.67738e-05
4.53068e-05
-0.000118038
-5.28888e-06
0.000110262
-9.87418e-06
-8.29288e-05
1.80995e-05
1.27203e-05
4.83362e-05
-2.08484e-06
-0.00010716
3.85698e-05
0.000104746
-5.38811e-05
-7.61072e-05
4.78978e-05
1.39789e-05
4.1006e-05
-3.96957e-05
-7.98972e-05
6.94646e-05
8.68999e-05
-9.52432e-05
-4.44912e-05
6.00647e-05
1.34538e-05
2.64939e-05
-6.14146e-05
-5.09072e-05
9.24811e-05
5.61391e-05
-0.000120739
-3.89969e-06
5.51137e-05
1.60271e-05
8.95956e-06
-7.06597e-05
-2.6064e-05
0.000111301
1.40355e-05
-0.000122746
2.89174e-05
4.17938e-05
2.21135e-05
-7.53674e-06
-7.54387e-05
-2.33188e-06
0.000123294
-3.21607e-05
-0.000102566
4.35788e-05
2.95077e-05
3.09284e-05
-2.19274e-05
-8.16838e-05
2.56248e-05
0.000122323
-7.08246e-05
-6.93639e-05
3.76375e-05
2.50252e-05
4.19714e-05
-3.72352e-05
-8.8597e-05
5.85419e-05
0.000104135
-9.00838e-05
-3.62276e-05
1.47832e-05
3.20824e-05
5.37328e-05
-5.69192e-05
-8.99323e-05
8.90103e-05
7.18413e-05
-8.24883e-05
-1.67172e-05
-1.68685e-05
5.16831e-05
6.19719e-05
-8.0039e-05
-7.96069e-05
0.000104578
3.65631e-05
-4.89118e-05
-2.0202e-05
-4.63279e-05
7.99004e-05
6.12084e-05
-9.80881e-05
-5.83214e-05
9.39823e-05
1.43345e-05
4.23884e-07
-4.80705e-05
-6.24566e-05
0.000106394
4.93861e-05
-9.81598e-05
-3.6253e-05
5.53135e-05
1.83276e-05
4.76235e-05
-8.97484e-05
-5.84482e-05
0.000114937
3.27186e-05
-7.06987e-05
-2.87908e-05
8.22477e-08
4.93378e-05
7.44412e-05
-0.000122995
-3.80586e-05
9.06247e-05
2.57727e-05
-1.92836e-05
-4.54307e-05
-4.96603e-05
8.97233e-05
7.23329e-05
-0.000121703
-1.72479e-05
3.14659e-05
4.16282e-05
3.65869e-05
-7.73104e-05
-7.35399e-05
0.00010772
5.05257e-05
-7.16361e-05
-1.63217e-05
-4.32489e-05
7.69294e-05
7.0363e-05
-9.48806e-05
-6.76827e-05
7.64215e-05
3.17862e-05
1.36423e-05
-4.14807e-05
-9.84019e-05
0.00010346
6.71452e-05
-6.48902e-05
-4.90937e-05
-1.62547e-06
3.3198e-05
9.23276e-05
-7.0305e-05
-0.000104687
8.23135e-05
3.72244e-05
1.79406e-05
-4.00476e-05
-8.40402e-05
4.43012e-05
0.000118106
-6.11564e-05
-6.25892e-05
5.18467e-07
7.90589e-06
0.00011024
-4.21093e-05
-0.000111299
2.90773e-05
7.66319e-05
6.33714e-06
-4.41136e-06
-9.79498e-05
-4.6576e-06
0.000140093
-2.86558e-05
-5.59251e-05
-3.47461e-05
2.55927e-06
9.11225e-05
3.39497e-05
-0.000130228
-1.33869e-05
6.97548e-05
2.0999e-05
4.24258e-05
-0.000108774
-4.69677e-05
0.000106092
4.51212e-05
-5.1324e-05
-3.6633e-05
-5.14928e-05
7.38176e-05
0.000102127
-0.000108671
-4.26034e-05
8.04356e-06
4.45272e-05
7.59088e-05
-5.42218e-05
-0.000114
5.69025e-05
7.3889e-05
-2.32734e-06
-2.80758e-06
-0.000121655
3.40052e-05
0.000117084
-1.75905e-05
-5.55435e-05
-4.33746e-05
-7.61076e-06
0.000109021
3.56504e-05
-0.000132568
-1.06584e-06
1.3739e-05
6.48301e-05
5.67411e-05
-0.000115039
-5.76344e-05
7.68486e-05
5.1256e-05
6.71186e-06
-3.93508e-05
-0.000116293
8.99487e-05
8.67494e-05
-3.9285e-05
-2.96233e-05
-8.01566e-05
3.47648e-05
0.000119142
-1.68708e-05
-9.95318e-05
-4.83729e-06
-4.07786e-06
0.000102844
3.59159e-05
-0.000140163
-7.82035e-06
3.2441e-05
6.16203e-05
4.54856e-05
-9.20122e-05
-8.77578e-05
8.80242e-05
5.39957e-05
8.9188e-06
-2.75619e-05
-0.000130839
7.37865e-05
9.31064e-05
-1.22265e-05
-3.47511e-05
-8.22371e-05
-1.84043e-06
0.000128481
1.85921e-05
-9.17438e-05
-2.15876e-05
-4.51366e-05
0.00011164
7.05822e-05
-0.000107869
-4.24804e-05
-1.06477e-05
6.00036e-05
9.24351e-05
-5.20249e-05
-0.000120852
3.58015e-05
3.46602e-05
7.47594e-05
1.4647e-05
-0.000153864
9.08558e-06
6.058e-05
5.36432e-05
2.85e-05
-0.000100257
-7.92065e-05
9.15543e-05
6.3633e-05
2.19993e-06
-2.77109e-05
-0.0001365
6.6695e-05
9.89441e-05
-2.98028e-06
-1.5986e-05
-0.000109166
-1.24213e-05
0.000120842
4.20116e-05
-5.58521e-05
-4.64492e-05
-8.0663e-05
9.79338e-05
0.0001039
-6.91207e-05
-3.19473e-05
-8.60345e-05
3.77211e-05
0.000130903
-1.00825e-05
-7.75238e-05
-4.94685e-05
-2.05961e-05
0.000106624
8.22746e-05
-0.000111169
-3.61497e-05
-4.47763e-05
5.71566e-05
0.000133617
-6.61367e-05
-7.43551e-05
-4.04055e-05
1.64426e-05
0.000114907
4.03667e-05
-0.000118938
-4.18626e-05
-4.71926e-06
6.14345e-05
0.000126799
-0.000101001
-7.12606e-05
-1.94668e-05
2.2792e-05
0.000133727
-6.61042e-06
-0.000107913
-4.42046e-05
1.08849e-05
7.68102e-05
0.000103371
-0.000103977
-7.88939e-05
-1.47471e-07
1.69168e-05
0.000150629
-3.3599e-05
-0.000103112
-3.42414e-05
-7.1909e-06
0.000110472
7.31607e-05
-8.96435e-05
-8.19095e-05
-9.3124e-06
2.60837e-05
0.000148065
-2.73333e-05
-0.000107042
-2.53798e-05
-3.91691e-05
0.000138726
6.29729e-05
-8.02323e-05
-6.35556e-05
-5.75918e-05
5.11714e-05
0.000132996
-5.1852e-06
-9.10569e-05
-4.73311e-05
-5.56541e-05
0.000134952
8.06696e-05
-6.79877e-05
-3.73698e-05
-0.000115789
5.70918e-05
0.000128266
8.44671e-06
-3.2582e-05
-0.000101034
-6.0065e-05
0.000105983
9.24905e-05
-1.50155e-05
-3.21318e-05
-0.000143586
2.0215e-05
0.000122922
2.43592e-05
4.35083e-05
-0.00013516
-8.24263e-05
7.16821e-05
6.33994e-05
8.33648e-05
-3.43806e-05
-0.000137609
-3.01189e-05
6.44043e-05
6.88384e-05
9.39216e-05
-0.000103312
-0.000110606
1.438e-05
1.01526e-05
0.000158494
5.04714e-06
-0.000109367
-5.15244e-05
-5.73119e-05
0.00010586
0.000114016
-2.6243e-05
-7.42059e-05
-8.66829e-05
-3.29712e-05
0.000139729
7.22563e-05
-2.76517e-05
-4.71782e-05
-0.000153941
5.6555e-05
0.000103095
4.61051e-05
4.33661e-05
-0.000154511
-7.03874e-05
4.01139e-05
6.92743e-05
0.000113514
-2.32375e-05
-0.000132061
-5.35366e-05
8.97862e-06
8.81223e-05
0.000134015
-7.51041e-05
-7.88327e-05
-7.4212e-05
-3.20381e-05
0.00017518
3.84888e-05
-5.13616e-06
-7.77498e-05
-0.000144027
5.81838e-05
8.83297e-05
8.15583e-05
2.36486e-05
-0.000126736
-0.000102395
2.88701e-05
6.33963e-05
0.000124755
2.18038e-05
-0.000143752
-4.8255e-05
-6.10939e-05
9.48395e-05
0.000152181
-3.66845e-05
-2.35681e-05
-0.000145111
-5.27269e-05
0.000117439
7.19738e-05
7.98381e-05
-6.01562e-05
-0.000146804
-3.84155e-05
4.28452e-05
0.000100224
0.000116581
-6.68715e-05
-0.000113643
-5.94764e-05
-4.01506e-05
0.000167978
7.69858e-05
-1.49355e-05
-4.80948e-05
-0.000181532
2.71369e-05
7.78941e-05
9.33657e-05
9.47747e-05
-0.000118088
-0.000105529
-5.50845e-05
2.20322e-05
0.000150325
8.26548e-05
-4.84796e-05
-8.41157e-05
-0.000128805
-4.82691e-06
0.000142357
6.42089e-05
7.54312e-05
-9.99224e-05
-0.000156432
2.89692e-06
-5.31035e-06
0.000171228
8.48016e-05
-7.06255e-05
-6.14228e-05
-0.000160415
1.87581e-05
0.000118245
8.85337e-05
7.58805e-05
-9.66815e-05
-0.000141321
-4.75122e-05
2.25656e-05
0.000131059
0.000127611
-4.74123e-05
-7.70773e-05
-0.000133433
-6.29832e-05
0.000140032
7.50185e-05
0.000111407
-4.04606e-05
-0.000176449
-4.11633e-05
-5.96792e-05
0.000136902
0.000146878
-1.29466e-06
-1.72722e-05
-0.000178348
-8.25027e-05
5.09048e-05
8.7981e-05
0.000154169
1.65221e-05
-0.000110346
-0.000112501
-9.49818e-05
4.39489e-05
0.000162136
7.79441e-05
3.83503e-05
-0.000106654
-0.000173838
-1.06804e-05
3.58489e-06
0.000166639
0.000128459
-4.9182e-05
-4.25132e-05
-0.000198801
-4.43947e-05
8.29686e-05
8.5817e-05
0.000180962
-3.92196e-05
-0.000101228
-0.000118972
-0.000119355
9.65734e-05
0.000120016
0.000118739
4.5562e-05
-0.000131495
-0.000136119
-7.99358e-05
1.10121e-05
0.000162193
0.000129253
2.49767e-05
-4.71582e-05
-0.00019398
-8.67955e-05
1.61973e-05
8.09475e-05
0.000210659
2.14695e-05
-3.2897e-05
-0.000126148
-0.000192313
3.71064e-05
4.012e-05
0.000174514
0.000138523
-6.84097e-05
-5.93849e-05
-0.000203133
-7.1898e-05
7.68545e-05
9.53092e-05
0.000198119
1.89382e-05
-8.3455e-05
-0.00013169
-0.000168665
1.21113e-05
0.000102548
0.000149411
0.000137954
-3.44713e-05
-0.00012804
-0.000146173
-0.000121187
6.51355e-05
0.00014177
0.000138827
0.000112626
-0.000105651
-0.000133421
-0.000146629
-9.4137e-05
0.000139526
0.000112906
0.00017243
5.48804e-05
-0.000147572
-0.000102678
-0.0002002
-3.67921e-06
0.000126622
0.000118295
0.000209103
-3.67931e-05
-9.29011e-05
-0.000155712
-0.000192083
4.87303e-05
6.88054e-05
0.000194964
0.000161487
-3.17506e-05
-6.57037e-05
-0.0002176
-0.00013758
1.41254e-06
7.63092e-05
0.00021992
0.000132833
2.53734e-05
-8.39121e-05
-0.000212696
-0.000142858
-4.45231e-05
7.69715e-05
0.000208969
0.000153694
6.52444e-05
-5.81281e-05
-0.000210356
-0.000155378
-9.96434e-05
3.94415e-05
0.000205386
0.000150608
0.00014894
-2.92631e-05
-0.000178463
-0.000151652
-0.000200149
2.33506e-05
0.000123219
0.000167731
0.000233518
-5.63521e-06
-4.90586e-05
-0.000194448
-0.000235864
-3.87932e-05
-2.48435e-05
0.000212501
0.000208938
0.00011126
8.15557e-05
-0.000198322
-0.00016602
-0.000195161
-0.000116369
0.000137948
0.000122219
0.000262058
0.000136783
-3.60698e-05
-8.33553e-05
-0.00028523
-0.000153633
-8.50669e-05
4.32586e-05
0.000251081
0.000170245
0.000195181
9.00693e-06
-0.000163412
-0.000177186
-0.000266841
-7.78592e-05
4.05152e-05
0.00015683
0.000282293
0.000152645
9.18139e-05
-9.51815e-05
-0.000235883
-0.000207942
-0.000205359
-6.00636e-06
0.000133263
0.000214376
0.000272621
0.000122913
7.7061e-06
-0.000153258
-0.000270395
-0.000214932
-0.00015527
3.10597e-05
0.00018694
0.000239207
0.000265326
0.000115755
-3.37006e-05
-0.000171347
-0.00029108
-0.000228851
-0.00014635
2.39965e-05
0.000204359
0.000249632
0.000282872
0.000147618
-2.03526e-05
-0.000151039
-0.000303026
-0.00025991
-0.000190518
-3.63953e-05
0.000173838
0.000239582
0.000320715
0.000221425
6.07146e-05
-7.39103e-05
-0.000280272
-0.000288248
-0.00027796
-0.000158208
6.56052e-05
0.000168884
0.000333697
0.000307836
0.000206518
8.79991e-05
-0.000164025
-0.00024607
-0.000346779
-0.000311281
-0.000136048
-2.15831e-05
0.000226931
0.000308507
0.000340698
0.000309145
8.72413e-05
-3.47479e-05
-0.000258022
-0.000358931
-0.000335531
-0.000309794
-7.15704e-05
7.43808e-05
0.000265121
0.000397652
0.000345067
0.000320648
9.34155e-05
-8.75684e-05
-0.000253041
-0.00042126
-0.000373933
-0.000348885
-0.000153463
6.20638e-05
0.000218961
0.000421779
0.000414293
0.000397248
0.000249303
1.49071e-05
-0.000149152
-0.000383688
-0.00044363
-0.00045717
-0.000372416
-0.00015022
2.26292e-05
0.000282834
0.000423398
0.000498633
0.000498241
0.000331559
0.000174706
-9.29985e-05
-0.000303249
-0.000462634
-0.000571133
-0.000507802
-0.000422693
-0.000191213
4.3098e-05
0.000273067
0.000500568
0.000572915
0.000629565
0.000507619
0.000333547
0.000109732
-0.000197252
-0.000385189
-0.000618816
-0.000680839
-0.000665537
-0.000585885
-0.000316606
-0.000123724
0.000215337
0.000461654
0.000640552
0.000828185
0.000754801
0.000740727
0.000508761
0.000231356
-6.80631e-06
-0.000417004
-0.000589821
-0.000863636
-0.000971608
-0.000917338
-0.000921923
-0.000596181
-0.000402734
-3.87293e-05
0.000362152
0.00058808
0.00100587
0.00109635
0.0012501
0.00127029
0.00104447
0.00095497
0.000508159
0.000198989
-0.00020987
-0.000718742
-0.000976115
-0.00144824
-0.00161032
-0.00177368
-0.00187392
-0.00166467
-0.00159078
-0.0011714
-0.00078862
-0.000334665
0.000312197
0.000771684
0.00145183
0.0019593
0.00245235
0.0029511
0.00319794
0.00351133
0.00355705
0.00353314
0.00338317
0.00300262
0.0025901
0.00192118
0.00119182
0.000289326
-0.000742214
-0.0018576
-0.00313914
-0.00444743
-0.0059254
-0.00740657
-0.00901507
-0.0106702
-0.0123381
-0.0141538
-0.0158674
-0.0177598
-0.0195832
-0.0214398
-0.0234138
-0.0252205
-0.0272579
-0.0291296
-0.0310812
-0.0331091
-0.0349481
-0.0370518
-0.0389214
-0.0409253
-0.0429548
-0.0448127
-0.0469365
-0.0487955
-0.0508313
-0.0528386
-0.0547225
-0.0568346
-0.0586952
-0.0607464
-0.0627242
-0.0646451
-0.06672
-0.0686028
-0.070651
-0.0726035
-0.074567
-0.076587
-0.0785126
-0.0805372
-0.0824763
-0.084479
-0.0864365
-0.0884188
-0.0904014
-0.0923439
-0.094373
-0.0962729
-0.0983144
-0.100245
-0.102206
-0.104242
-0.106102
-0.108191
-0.11007
-0.11206
-0.114083
-0.115928
-0.118039
-0.119882
-0.121901
-0.123893
-0.125754
-0.127852
-0.129687
-0.13172
-0.133676
-0.135574
-0.137626
-0.139487
-0.14151
-0.143437
-0.145383
-0.147365
-0.14928
-0.151267
-0.15318
-0.155169
-0.157074
-0.159058
-0.160988
-0.162911
-0.164922
-0.166764
-0.168811
-0.170679
-0.172628
-0.174633
-0.176445
-0.178525
-0.180347
-0.182324
-0.184299
-0.18612
-0.188189
-0.189999
-0.191991
-0.193923
-0.195787
-0.1978
-0.19964
-0.201619
-0.203514
-0.205437
-0.207363
-0.209267
-0.211203
-0.21308
-0.215052
-0.216889
-0.218869
-0.220741
-0.222628
-0.224617
-0.226394
-0.228429
-0.230241
-0.232154
-0.234123
-0.23589
-0.23793
-0.239715
-0.24165
-0.243572
-0.245379
-0.247367
-0.24917
-0.251104
-0.252972
-0.254849
-0.25674
-0.258606
-0.260505
-0.262337
-0.264279
-0.266068
-0.26801
-0.269851
-0.271679
-0.273648
-0.275371
-0.277364
-0.279149
-0.280999
-0.282943
-0.284664
-0.286649
-0.288412
-0.290286
-0.292165
-0.293947
-0.295857
-0.297648
-0.299523
-0.301331
-0.303202
-0.304999
-0.306854
-0.308698
-0.310462
-0.312398
-0.314098
-0.316017
-0.317809
-0.319572
-0.321512
-0.323178
-0.325113
-0.326864
-0.328658
-0.330535
-0.332247
-0.334129
-0.335878
-0.337702
-0.339482
-0.341293
-0.343067
-0.344857
-0.346681
-0.348383
-0.350281
-0.351949
-0.353793
-0.355581
-0.357262
-0.359177
-0.360802
-0.362666
-0.364407
-0.366126
-0.367968
-0.369641
-0.371459
-0.373176
-0.37495
-0.376672
-0.378451
-0.38017
-0.381902
-0.383703
-0.385327
-0.387193
-0.388819
-0.390586
-0.39236
-0.393967
-0.395832
-0.397431
-0.39921
-0.400925
-0.402593
-0.404358
-0.406019
-0.407756
-0.409422
-0.411174
-0.412798
-0.414563
-0.416218
-0.417877
-0.419663
-0.4212
-0.423023
-0.424612
-0.426295
-0.428034
-0.429595
-0.431368
-0.43296
-0.434655
-0.436303
-0.437968
-0.439605
-0.441268
-0.442933
-0.444511
-0.446267
-0.447775
-0.449512
-0.451117
-0.45269
-0.45444
-0.455925
-0.457657
-0.459224
-0.460839
-0.462483
-0.464062
-0.46569
-0.467274
-0.468918
-0.470438
-0.47214
-0.473635
-0.475271
-0.476892
-0.478365
-0.480096
-0.481538
-0.483191
-0.484754
-0.48628
-0.487905
-0.489419
-0.49101
-0.492535
-0.494142
-0.495609
-0.497248
-0.498731
-0.500264
-0.501889
-0.503279
-0.50496
-0.506384
-0.50794
-0.509496
-0.510948
-0.512525
-0.513996
-0.515534
-0.516998
-0.518571
-0.519979
-0.52155
-0.523023
-0.524451
-0.526067
-0.527395
-0.528998
-0.530416
-0.531876
-0.533399
-0.534807
-0.536309
-0.537741
-0.539234
-0.540616
-0.542165
-0.543513
-0.545004
-0.546473
-0.547799
-0.54938
-0.550673
-0.552176
-0.553584
-0.554972
-0.556422
-0.557812
-0.55923
-0.560604
-0.562077
-0.563358
-0.564875
-0.566181
-0.56757
-0.569033
-0.57028
-0.571785
-0.57307
-0.574472
-0.575832
-0.577197
-0.578533
-0.579909
-0.581267
-0.582544
-0.584014
-0.585203
-0.586655
-0.587945
-0.589231
-0.590647
-0.59187
-0.593254
-0.59453
-0.595869
-0.597122
-0.598501
-0.599722
-0.601046
-0.602383
-0.603547
-0.604985
-0.606132
-0.607474
-0.608743
-0.609976
-0.611271
-0.612517
-0.61378
-0.614996
-0.616332
-0.617444
-0.618815
-0.619973
-0.621197
-0.62251
-0.623616
-0.624938
-0.626094
-0.627335
-0.628514
-0.629773
-0.6309
-0.63215
-0.633352
-0.63445
-0.635782
-0.636812
-0.638089
-0.639231
-0.640378
-0.641575
-0.642721
-0.643876
-0.645013
-0.646227
-0.647248
-0.648534
-0.649556
-0.650725
-0.651898
-0.652927
-0.65414
-0.655195
-0.656338
-0.657409
-0.658581
-0.659579
-0.660768
-0.661821
-0.662858
-0.664061
-0.664995
-0.66618
-0.667195
-0.668274
-0.669324
-0.670415
-0.671418
-0.672491
-0.673576
-0.674499
-0.675693
-0.676584
-0.677687
-0.678705
-0.679688
-0.680733
-0.681737
-0.682741
-0.683711
-0.684801
-0.685649
-0.686783
-0.687677
-0.688662
-0.689699
-0.690589
-0.691613
-0.692548
-0.693533
-0.694422
-0.695484
-0.696297
-0.697331
-0.698255
-0.699115
-0.700155
-0.700977
-0.701954
-0.702839
-0.703787
-0.704614
-0.705621
-0.706429
-0.707338
-0.708296
-0.709049
-0.710057
-0.710846
-0.711751
-0.712595
-0.7135
-0.714278
-0.715206
-0.716029
-0.716809
-0.717779
-0.718465
-0.7194
-0.720177
-0.721008
-0.721803
-0.722665
-0.723407
-0.724234
-0.725083
-0.725747
-0.72669
-0.727351
-0.728187
-0.728952
-0.729725
-0.730457
-0.73127
-0.731996
-0.732706
-0.733572
-0.734155
-0.735026
-0.73569
-0.736427
-0.737155
-0.737893
-0.73856
-0.739301
-0.740037
-0.740625
-0.741478
-0.742027
-0.74279
-0.743456
-0.744125
-0.744781
-0.745493
-0.746117
-0.746753
-0.747509
-0.748001
-0.74879
-0.749343
-0.749998
-0.75063
-0.751274
-0.751841
-0.752504
-0.753125
-0.753635
-0.754387
-0.754837
-0.755517
-0.756076
-0.756663
-0.757209
-0.757846
-0.758352
-0.758916
-0.759558
-0.759967
-0.760656
-0.761112
-0.761681
-0.762197
-0.762775
-0.763213
-0.763812
-0.764311
-0.764747
-0.765384
-0.765755
-0.766328
-0.766787
-0.767302
-0.767711
-0.768298
-0.768668
-0.769165
-0.769685
-0.770028
-0.770585
-0.770972
-0.77144
-0.771834
-0.772362
-0.772652
-0.773195
-0.773566
-0.773938
-0.77443
-0.774763
-0.775189
-0.775569
-0.776007
-0.776273
-0.776809
-0.777049
-0.777474
-0.777857
-0.778169
-0.778543
-0.778907
-0.779241
-0.779529
-0.779991
-0.780156
-0.780612
-0.780872
-0.781189
-0.781498
-0.781842
-0.782075
-0.782406
-0.78274
-0.782901
-0.783328
-0.783495
-0.783812
-0.784055
-0.784366
-0.78452
-0.784884
-0.785067
-0.785279
-0.785611
-0.785739
-0.786023
-0.786223
-0.786472
-0.786588
-0.786942
-0.786998
-0.78727
-0.787468
-0.787605
-0.787815
-0.788003
-0.788154
-0.788286
-0.788562
-0.788555
-0.788846
-0.788921
-0.789076
-0.789197
-0.789387
-0.789422
-0.789604
-0.789743
-0.78975
-0.789983
-0.789995
-0.790127
-0.790191
-0.790352
-0.790298
-0.790519
-0.790504
-0.790568
-0.790684
-0.790697
-0.790746
-0.790811
-0.790879
-0.790807
-0.790999
-0.790881
-0.790978
-0.790976
-0.791005
-0.790947
-0.791047
-0.790971
-0.79095
-0.791031
-0.790895
-0.790947
-0.790892
-0.790885
-0.790763
-0.790865
-0.790663
-0.790701
-0.790634
-0.790538
-0.790477
-0.790442
-0.79032
-0.790218
-0.790235
-0.78999
-0.790015
-0.789853
-0.789768
-0.789602
-0.789596
-0.789335
-0.789297
-0.789162
-0.78896
-0.788876
-0.788717
-0.788548
-0.788366
-0.788307
-0.787978
-0.78795
-0.787695
-0.787532
-0.787318
-0.787204
-0.786891
-0.78677
-0.786567
-0.786272
-0.786145
-0.785879
-0.785654
-0.785396
-0.785258
-0.784854
-0.784759
-0.784423
-0.784182
-0.783909
-0.783701
-0.783328
-0.783125
-0.782853
-0.782475
-0.782287
-0.781934
-0.781642
-0.781309
-0.781095
-0.780617
-0.780449
-0.78004
-0.779721
-0.779378
-0.779094
-0.778649
-0.778369
-0.778028
-0.777573
-0.77731
-0.776887
-0.776519
-0.776109
-0.775828
-0.775273
-0.775028
-0.774551
-0.774159
-0.773732
-0.77339
-0.77286
-0.772508
-0.772096
-0.771573
-0.771218
-0.770745
-0.770292
-0.769804
-0.769461
-0.768831
-0.768501
-0.767964
-0.767502
-0.766977
-0.766594
-0.765974
-0.765549
-0.765066
-0.764488
-0.764021
-0.763515
-0.762972
-0.762404
-0.761999
-0.761305
-0.760875
-0.760288
-0.759763
-0.759128
-0.758711
-0.758004
-0.757502
-0.756941
-0.75633
-0.755729
-0.755203
-0.754571
-0.753925
-0.753444
-0.752715
-0.752162
-0.751529
-0.750952
-0.750202
-0.74974
-0.748969
-0.74838
-0.74773
-0.747113
-0.746361
-0.745812
-0.745101
-0.744387
-0.743796
-0.743074
-0.742377
-0.741698
-0.741071
-0.74023
-0.739679
-0.738885
-0.738201
-0.737445
-0.736834
-0.73595
-0.735346
-0.734573
-0.733815
-0.733067
-0.732385
-0.731547
-0.73081
-0.730119
-0.729244
-0.728538
-0.727756
-0.726983
-0.726115
-0.725482
-0.724532
-0.723818
-0.722989
-0.722222
-0.721297
-0.720632
-0.719701
-0.718894
-0.718093
-0.71726
-0.716354
-0.715581
-0.714735
-0.713791
-0.713042
-0.712126
-0.711259
-0.710365
-0.709594
-0.708549
-0.707804
-0.706852
-0.705979
-0.705019
-0.704252
-0.703192
-0.702366
-0.701449
-0.700511
-0.699547
-0.698708
-0.69771
-0.696745
-0.695897
-0.694873
-0.693931
-0.692991
-0.692074
-0.690979
-0.690166
-0.689094
-0.688147
-0.68713
-0.686253
-0.685096
-0.68424
-0.683187
-0.682186
-0.681142
-0.680235
-0.6791
-0.678126
-0.677142
-0.676056
-0.675019
-0.674035
-0.672973
-0.671854
-0.670933
-0.66978
-0.668748
-0.667675
-0.666684
-0.665456
-0.66454
-0.663373
-0.662314
-0.661179
-0.66021
-0.658952
-0.65796
-0.656835
-0.655717
-0.654557
-0.653547
-0.652336
-0.651211
-0.650149
-0.648967
-0.647807
-0.646709
-0.645585
-0.644323
-0.643298
-0.642074
-0.640919
-0.639719
-0.638669
-0.637325
-0.636272
-0.635044
-0.633884
-0.632602
-0.631567
-0.630223
-0.629081
-0.627874
-0.626694
-0.625374
-0.624279
-0.623006
-0.621744
-0.620557
-0.619348
-0.618038
-0.616823
-0.615645
-0.614286
-0.613092
-0.611843
-0.610581
-0.609231
-0.608114
-0.606715
-0.605485
-0.604187
-0.602983
-0.601534
-0.600404
-0.599026
-0.597747
-0.596393
-0.595218
-0.593748
-0.592526
-0.5912
-0.589882
-0.58848
-0.587275
-0.585863
-0.584511
-0.583222
-0.581882
-0.580464
-0.579164
-0.57785
-0.576389
-0.575093
-0.573736
-0.572348
-0.570914
-0.569675
-0.56817
-0.566831
-0.565436
-0.564111
-0.562564
-0.561326
-0.55984
-0.558457
-0.556992
-0.555722
-0.554136
-0.552819
-0.551373
-0.549976
-0.548437
-0.547158
-0.54562
-0.54419
-0.542755
-0.541369
-0.539798
-0.538428
-0.536982
-0.535469
-0.534001
-0.532607
-0.53108
-0.52957
-0.528186
-0.526653
-0.525144
-0.523684
-0.522251
-0.520628
-0.519232
-0.517712
-0.516206
-0.514626
-0.513268
-0.511616
-0.510154
-0.508618
-0.507171
-0.505484
-0.504114
-0.502505
-0.50099
-0.499383
-0.497994
-0.496285
-0.49482
-0.493251
-0.491745
-0.490053
-0.488647
-0.487004
-0.485439
-0.483847
-0.482379
-0.480667
-0.479152
-0.47759
-0.475992
-0.474334
-0.472851
-0.471213
-0.46957
-0.468017
-0.466446
-0.464761
-0.463172
-0.461632
-0.459935
-0.458321
-0.456749
-0.455129
-0.453405
-0.451888
-0.45022
-0.448563
-0.4469
-0.445378
-0.443597
-0.442012
-0.440363
-0.438752
-0.436963
-0.435461
-0.433721
-0.432073
-0.430355
-0.428831
-0.426993
-0.425409
-0.423711
-0.422089
-0.420259
-0.418744
-0.416965
-0.415298
-0.413548
-0.412001
-0.410135
-0.408523
-0.406802
-0.405151
-0.403299
-0.401749
-0.399958
-0.398252
-0.396487
-0.394902
-0.393031
-0.391369
-0.389644
-0.387951
-0.386094
-0.38449
-0.382708
-0.380949
-0.379179
-0.377548
-0.375687
-0.37396
-0.372242
-0.370506
-0.368648
-0.366982
-0.365221
-0.363407
-0.361631
-0.359953
-0.358111
-0.356314
-0.354604
-0.352829
-0.350972
-0.349239
-0.347502
-0.345639
-0.343852
-0.342129
-0.340311
-0.338446
-0.336735
-0.334933
-0.333076
-0.331275
-0.329559
-0.327661
-0.325854
-0.324086
-0.322295
-0.320372
-0.318646
-0.316826
-0.314974
-0.313103
-0.3114
-0.309484
-0.307651
-0.305836
-0.304073
-0.302105
-0.300349
-0.298516
-0.296676
-0.294739
-0.293033
-0.291116
-0.289259
-0.287389
-0.285652
-0.28366
-0.281861
-0.280011
-0.278194
-0.276199
-0.274469
-0.272564
-0.270693
-0.26876
-0.267037
-0.265046
-0.263199
-0.261319
-0.259533
-0.257501
-0.255724
-0.25383
-0.251967
-0.249969
-0.248237
-0.24627
-0.244384
-0.242454
-0.240696
-0.238658
-0.236818
-0.234921
-0.233086
-0.231038
-0.229265
-0.22733
-0.225433
-0.223437
-0.221687
-0.219675
-0.217778
-0.215846
-0.21405
-0.211984
-0.210143
-0.208227
-0.206352
-0.204297
-0.202513
-0.200549
-0.198624
-0.19663
-0.194853
-0.192816
-0.190903
-0.188968
-0.187135
-0.185058
-0.183201
-0.181274
-0.179365
-0.177308
-0.175501
-0.173526
-0.171572
-0.169579
-0.167771
-0.16573
-0.163787
-0.161853
-0.159988
-0.157913
-0.156022
-0.1541
-0.152158
-0.150105
-0.148261
-0.146297
-0.144306
-0.142318
-0.140474
-0.13845
-0.136463
-0.134538
-0.13264
-0.130582
-0.12864
-0.126737
-0.124763
-0.122722
-0.120825
-0.118895
-0.116862
-0.114883
-0.112993
-0.111011
-0.108966
-0.107056
-0.105124
-0.103103
-0.101089
-0.0992186
-0.0972135
-0.0951964
-0.0932272
-0.0913502
-0.0892766
-0.0873081
-0.0853613
-0.0834429
-0.0813366
-0.0794376
-0.0774706
-0.0755066
-0.0734129
-0.0715699
-0.0695449
-0.0675621
-0.0655096
-0.063684
-0.0615894
-0.0596287
-0.0576165
-0.0557662
-0.0536219
-0.051715
-0.0497156
-0.0478167
-0.0456626
-0.0438149
-0.0417917
-0.0398477
-0.037724
-0.0359131
-0.03384
-0.0318777
-0.0298066
-0.0279932
-0.0258688
-0.0239216
-0.0218995
-0.0200456
-0.0178935
-0.0159841
-0.0139876
-0.0120722
-0.00993071
-0.00806016
-0.0060591
-0.00408469
-0.00199015
-0.000137029
0.00189004
0.00390193
0.00592849
0.00779826
0.0098541
0.0118742
0.0138332
0.015753
0.0178208
0.0198261
0.021737
0.0237267
0.0257779
0.0277598
0.029651
0.0317108
0.0337158
0.0356827
0.0375808
0.0396925
0.0416327
0.043605
0.0455253
0.0476596
0.0495335
0.0515338
0.0534778
0.0556031
0.0574269
0.0594713
0.0614278
0.0635209
0.065323
0.067414
0.069367
0.0714161
0.0732292
0.0753542
0.0772889
0.0792951
0.0811477
0.0832821
0.0851923
0.087166
0.089076
0.09119
0.0930799
0.0950349
0.0970072
0.0990726
0.100956
0.102905
0.104932
0.106929
0.108826
0.110776
0.112842
0.114764
0.116694
0.118646
0.120728
0.122583
0.124559
0.126509
0.128588
0.130393
0.132419
0.134361
0.136419
0.1382
0.14027
0.142197
0.144223
0.146008
0.148105
0.150017
0.152002
0.153819
0.155919
0.157817
0.159761
0.16163
0.163708
0.165599
0.167505
0.169436
0.171469
0.173363
0.175236
0.177232
0.179202
0.181108
0.182959
0.185008
0.186911
0.188834
0.190674
0.192759
0.194599
0.19654
0.198382
0.200477
0.20227
0.204224
0.206081
0.20816
0.209927
0.211885
0.21377
0.215806
0.217573
0.219522
0.221444
0.223417
0.225207
0.227136
0.229097
0.230996
0.232826
0.234728
0.236725
0.238548
0.240426
0.2423
0.24432
0.24608
0.248
0.249855
0.251878
0.253596
0.255545
0.257393
0.259396
0.261099
0.263057
0.264915
0.266873
0.26859
0.270533
0.272417
0.274311
0.276066
0.277977
0.279895
0.281715
0.283521
0.28539
0.287342
0.28909
0.290948
0.292779
0.294752
0.296444
0.29834
0.300147
0.302119
0.303781
0.305692
0.307497
0.309439
0.311104
0.313
0.314828
0.316713
0.318408
0.320267
0.322135
0.323947
0.325689
0.327498
0.32941
0.331146
0.332937
0.334699
0.336645
0.33832
0.340144
0.341878
0.343833
0.345473
0.347302
0.349037
0.350967
0.352608
0.354411
0.356176
0.358051
0.359723
0.361472
0.363289
0.36509
0.366807
0.368494
0.370366
0.372093
0.373851
0.375486
0.377395
0.37907
0.380844
0.382456
0.384368
0.386026
0.387781
0.389406
0.391283
0.392961
0.394662
0.396332
0.398145
0.399868
0.401496
0.403224
0.404963
0.406735
0.408293
0.410067
0.411749
0.413548
0.415065
0.416852
0.418512
0.4203
0.421816
0.423574
0.425253
0.42699
0.428543
0.430235
0.431964
0.433626
0.435236
0.436849
0.438633
0.440222
0.441878
0.443427
0.445243
0.446789
0.448458
0.449982
0.451785
0.453336
0.454969
0.456514
0.45826
0.459857
0.461418
0.463014
0.464676
0.466338
0.467818
0.469465
0.471052
0.472762
0.474186
0.475851
0.4774
0.479115
0.480532
0.482163
0.483725
0.485394
0.486854
0.488405
0.490018
0.49161
0.493137
0.494594
0.496261
0.49778
0.499361
0.500748
0.502435
0.503921
0.50551
0.50688
0.508529
0.510038
0.511581
0.512987
0.514549
0.516122
0.517587
0.519054
0.520513
0.522149
0.523547
0.525057
0.526443
0.528101
0.52948
0.53098
0.53235
0.533966
0.535388
0.536824
0.538231
0.539755
0.541256
0.542604
0.544063
0.545489
0.547059
0.548345
0.549824
0.551192
0.552776
0.554062
0.5555
0.556871
0.558402
0.559753
0.561098
0.562516
0.563953
0.565393
0.566642
0.5681
0.569457
0.570955
0.572156
0.573601
0.574933
0.57642
0.57765
0.579013
0.580381
0.581796
0.583109
0.584357
0.585778
0.587107
0.588502
0.589661
0.591096
0.592381
0.5938
0.594947
0.59632
0.597627
0.598998
0.600209
0.601462
0.60283
0.604118
0.605417
0.606555
0.607959
0.60919
0.610536
0.611627
0.61299
0.614232
0.615551
0.616683
0.61793
0.619235
0.620476
0.621694
0.62281
0.624167
0.625343
0.626623
0.627666
0.629
0.630178
0.631444
0.63251
0.633734
0.634976
0.636168
0.637318
0.638401
0.639704
0.640827
0.642047
0.643042
0.644331
0.645451
0.646665
0.647674
0.648853
0.650037
0.65118
0.652274
0.653306
0.654554
0.655625
0.656794
0.657734
0.658966
0.660034
0.661199
0.662156
0.663273
0.664403
0.665496
0.666544
0.667511
0.668701
0.669722
0.670848
0.671729
0.672892
0.67391
0.67503
0.675941
0.676978
0.678058
0.679099
0.680115
0.681003
0.68213
0.683099
0.684192
0.685015
0.686094
0.687063
0.688137
0.689019
0.68996
0.690986
0.691969
0.69297
0.693776
0.694829
0.695738
0.696804
0.697584
0.698564
0.699479
0.700498
0.701375
0.702212
0.703177
0.704085
0.705087
0.705824
0.70679
0.707626
0.708659
0.709426
0.710299
0.711149
0.712088
0.712986
0.713732
0.714626
0.715434
0.716434
0.717136
0.718011
0.718761
0.719726
0.720516
0.721293
0.722078
0.722895
0.723818
0.724506
0.725336
0.726023
0.726978
0.727687
0.728486
0.729158
0.729993
0.730816
0.731527
0.732274
0.732932
0.733835
0.734503
0.735296
0.735876
0.73671
0.737436
0.738182
0.73883
0.739482
0.740296
0.74096
0.741716
0.742238
0.743036
0.743683
0.744455
0.745013
0.745663
0.746366
0.747045
0.747745
0.748242
0.748969
0.749557
0.750333
0.750827
0.751465
0.752052
0.752745
0.753381
0.753881
0.754513
0.755056
0.755806
0.756269
0.756885
0.757362
0.75805
0.758623
0.759146
0.759675
0.760177
0.760871
0.76133
0.761919
0.762303
0.762955
0.763467
0.764021
0.764461
0.764922
0.765528
0.765996
0.76656
0.76688
0.767466
0.76791
0.768491
0.76887
0.769295
0.769789
0.770255
0.770796
0.77109
0.771594
0.771956
0.772541
0.772888
0.773295
0.773668
0.774105
0.774614
0.774917
0.775349
0.77562
0.776167
0.776496
0.776911
0.777181
0.777559
0.778005
0.778335
0.778727
0.77892
0.779384
0.779678
0.780117
0.78033
0.780639
0.780983
0.781319
0.781702
0.781858
0.782222
0.782441
0.782885
0.783087
0.783358
0.783581
0.783873
0.784241
0.78441
0.784703
0.784819
0.785212
0.785411
0.785694
0.785829
0.786031
0.786336
0.786528
0.786808
0.786846
0.787138
0.787286
0.787594
0.787709
0.787837
0.788028
0.788188
0.788482
0.78851
0.788714
0.788754
0.78903
0.78916
0.789282
0.789375
0.789434
0.78969
0.789743
0.789933
0.789878
0.79005
0.790143
0.790291
0.790371
0.790336
0.790483
0.7905
0.790716
0.790652
0.79073
0.790712
0.79082
0.790928
0.790886
0.790944
0.790844
0.791017
0.790981
0.791056
0.790957
0.790939
0.791003
0.79098
0.791051
0.790868
0.790918
0.790826
0.790916
0.790842
0.790742
0.790692
0.790589
0.790682
0.790522
0.790509
0.790299
0.790293
0.790242
0.790158
0.790077
0.78984
0.789842
0.789677
0.789696
0.789469
0.789331
0.789187
0.789065
0.789039
0.788781
0.788683
0.788398
0.788366
0.788193
0.788043
0.787834
0.78756
0.787487
0.787248
0.787177
0.786836
0.786654
0.786417
0.786252
0.786109
0.785774
0.785591
0.785237
0.785146
0.784867
0.784651
0.784336
0.784011
0.783852
0.783539
0.783382
0.78295
0.782706
0.782377
0.782151
0.781911
0.781507
0.781239
0.780806
0.78064
0.780275
0.779993
0.779589
0.779191
0.778941
0.778554
0.778325
0.777818
0.777493
0.777072
0.776767
0.776455
0.775986
0.775637
0.775112
0.774857
0.774421
0.774076
0.773603
0.77311
0.772767
0.772297
0.77201
0.771444
0.771031
0.770515
0.770108
0.769742
0.769213
0.7688
0.768174
0.767809
0.767305
0.766897
0.766388
0.765791
0.76535
0.764775
0.76443
0.763831
0.763336
0.762735
0.762191
0.761768
0.761181
0.760733
0.760023
0.759526
0.758939
0.758445
0.757935
0.757256
0.756725
0.756021
0.755579
0.754964
0.754408
0.753768
0.753064
0.75255
0.751881
0.75141
0.750679
0.750052
0.749372
0.748727
0.748213
0.747491
0.746916
0.746102
0.745496
0.744836
0.744206
0.743598
0.742782
0.742154
0.741353
0.740794
0.740094
0.739391
0.738673
0.737833
0.73723
0.736451
0.735861
0.735052
0.734279
0.733528
0.73273
0.732137
0.731307
0.730625
0.729731
0.72896
0.728231
0.727449
0.726792
0.725864
0.725119
0.724216
0.723487
0.722749
0.721909
0.721151
0.720164
0.719423
0.718547
0.717818
0.717006
0.716078
0.71526
0.714279
0.713569
0.712681
0.711889
0.710982
0.710001
0.709186
0.708232
0.707515
0.706561
0.70568
0.704717
0.703739
0.70295
0.70199
0.70121
0.700169
0.699229
0.698265
0.697309
0.69652
0.695503
0.694637
0.693537
0.692584
0.691647
0.690689
0.689855
0.688755
0.687821
0.686708
0.685767
0.684846
0.683843
0.682936
0.681764
0.6808
0.679705
0.678768
0.67783
0.67675
0.675774
0.674562
0.673597
0.672527
0.671563
0.67058
0.669414
0.668393
0.667174
0.666216
0.665156
0.664133
0.663093
0.661856
0.660816
0.659609
0.658646
0.657574
0.656471
0.65538
0.654095
0.653055
0.651864
0.650874
0.649773
0.648584
0.647458
0.646147
0.64511
0.64393
0.642889
0.641754
0.640484
0.639338
0.638017
0.636977
0.6358
0.634691
0.633522
0.632183
0.631027
0.629707
0.628649
0.627469
0.626283
0.625087
0.623693
0.622529
0.621215
0.620123
0.618939
0.617673
0.616454
0.615019
0.613841
0.612538
0.611399
0.610211
0.608869
0.607629
0.606166
0.604963
0.603675
0.602478
0.601288
0.59988
0.598616
0.597137
0.595894
0.594625
0.593365
0.592174
0.590713
0.589416
0.587933
0.586636
0.585387
0.584067
0.582871
0.581376
0.580032
0.578556
0.577191
0.57596
0.574588
0.573379
0.571873
0.570469
0.569007
0.567567
0.566342
0.564935
0.563699
0.562207
0.560733
0.559285
0.55777
0.556531
0.555109
0.553834
0.552377
0.550834
0.549393
0.547811
0.54653
0.545112
0.543783
0.542379
0.540779
0.539332
0.537702
0.536344
0.534941
0.53355
0.532203
0.530575
0.529106
0.527453
0.525986
0.524596
0.52314
0.521835
0.520222
0.518718
0.517073
0.515479
0.514079
0.512559
0.511263
0.509709
0.508168
0.506563
0.50485
0.503402
0.501824
0.500483
0.499014
0.497447
0.495907
0.494123
0.492588
0.49096
0.489509
0.488115
0.486541
0.485075
0.4833
0.481664
0.480001
0.478388
0.477007
0.475435
0.47402
0.472347
0.470638
0.468969
0.46719
0.465727
0.464139
0.462709
0.461189
0.459475
0.45785
0.455978
0.454353
0.452715
0.451167
0.44976
0.448103
0.44656
0.444738
0.44296
0.441257
0.439511
0.438074
0.436469
0.434983
0.433345
0.431527
0.429813
0.427899
0.426274
0.424635
0.42308
0.421628
0.4199
0.418275
0.416374
0.414538
0.412797
0.411023
0.409563
0.40793
0.406404
0.404728
0.402852
0.401083
0.399103
0.397406
0.39572
0.394114
0.392654
0.39092
0.389285
0.387368
0.385452
0.38363
0.381739
0.380192
0.378531
0.376998
0.375389
0.373532
0.371758
0.369706
0.367851
0.366038
0.36429
0.362807
0.36112
0.359564
0.357763
0.355828
0.353943
0.351865
0.350098
0.348304
0.346676
0.345169
0.34344
0.341816
0.339856
0.337893
0.335923
0.333876
0.332166
0.33038
0.32883
0.327259
0.325508
0.32381
0.321749
0.31978
0.317734
0.315724
0.314016
0.312228
0.310722
0.30909
0.307355
0.305603
0.303498
0.301521
0.299395
0.297394
0.295632
0.293826
0.292335
0.290671
0.288994
0.287228
0.285136
0.283153
0.280945
0.278908
0.277031
0.275171
0.273653
0.271977
0.270391
0.26867
0.266665
0.264712
0.26245
0.260348
0.258299
0.256314
0.254686
0.252961
0.251453
0.249825
0.247996
0.246169
0.243957
0.241836
0.239615
0.237436
0.235572
0.233666
0.23211
0.230521
0.228892
0.227299
0.225318
0.223361
0.221132
0.21883
0.216685
0.214446
0.212596
0.210794
0.209153
0.207703
0.206021
0.204439
0.202531
0.200451
0.198313
0.195881
0.193669
0.191397
0.189328
0.18756
0.185778
0.184344
0.182785
0.181206
0.179576
0.177552
0.175542
0.173195
0.170795
0.168483
0.166069
0.164046
0.162069
0.160347
0.158882
0.15731
0.155952
0.154325
0.152563
0.150674
0.148367
0.146102
0.143568
0.14106
0.138735
0.136377
0.134459
0.132618
0.13102
0.129677
0.128198
0.126907
0.125341
0.123602
0.121738
0.11942
0.117104
0.114494
0.111825
0.10931
0.106704
0.104505
0.102422
0.100594
0.0991483
0.097679
0.0965351
0.0953065
0.0939865
0.0926688
0.0909083
0.08908
0.0868768
0.084362
0.0817989
0.0788614
0.0760436
0.0731789
0.0703574
0.0679148
0.0655026
0.0635524
0.0618606
0.060362
0.0593147
0.0582389
0.0574292
0.0566351
0.055662
0.054762
0.0534356
0.0519584
0.05018
0.0479102
0.0455168
0.0425968
0.0394773
0.0361674
0.032503
0.0289561
0.0252003
0.0215506
0.018116
0.0146834
0.0117377
0.00896307
0.00657582
0.00472204
0.00308929
0.00211881
0.0014903
0.00129203
0.00170167
0.00232084
0.00354311
0.00507821
0.0069013
0.00924595
0.0116696
0.0145267
0.0176003
0.0207728
0.0243471
0.0278744
0.0316662
0.0356062
0.0394923
0.0436913
0.0477761
0.0519954
0.0563449
0.0605442
0.0650017
0.0693349
0.0737066
0.0782265
0.0825448
0.0870818
0.0915235
0.0959278
0.100512
0.104874
0.109415
0.113913
0.118307
0.12291
0.127297
0.131811
0.136346
0.140721
0.145321
0.149732
0.154209
0.15877
0.163132
0.167714
0.172154
0.176588
0.181169
0.185527
0.190077
0.19455
0.198945
0.203534
0.207899
0.212409
0.216915
0.221277
0.225859
0.230243
0.234705
0.239241
0.243581
0.248142
0.252556
0.256967
0.261523
0.265855
0.270379
0.274829
0.279193
0.283755
0.288095
0.292569
0.297056
0.301383
0.305933
0.310297
0.314714
0.31923
0.323535
0.328054
0.332453
0.336813
0.341344
0.345647
0.350117
0.354555
0.358866
0.363393
0.367713
0.372122
0.376596
0.380874
0.385373
0.389727
0.394071
0.398567
0.402835
0.407285
0.41168
0.415966
0.420462
0.424743
0.429128
0.433562
0.437809
0.442278
0.446592
0.450905
0.455365
0.459596
0.464013
0.468371
0.472621
0.47708
0.481325
0.48567
0.49007
0.494277
0.498706
0.502986
0.507255
0.511678
0.515872
0.520241
0.524567
0.52877
0.533188
0.537399
0.54169
0.546057
0.55022
0.554597
0.558849
0.563059
0.567445
0.571601
0.575908
0.580209
0.584355
0.588723
0.592906
0.597127
0.601464
0.605579
0.609891
0.614122
0.618262
0.622604
0.626727
0.630955
0.635234
0.639319
0.643624
0.647787
0.651924
0.656227
0.660299
0.664528
0.668744
0.672807
0.677092
0.681192
0.685325
0.68958
0.693609
0.69783
0.701982
0.706028
0.710282
0.714324
0.71845
0.722651
0.726643
0.730848
0.734938
0.738965
0.743182
0.747171
0.751284
0.755429
0.759387
0.763567
0.767598
0.771605
0.775779
0.779719
0.783812
0.787902
0.791827
0.795975
0.79995
0.803934
0.80806
0.811955
0.816022
0.820057
0.823948
0.828059
0.831981
0.835936
0.840015
0.843865
0.8479
0.851882
0.855737
0.859808
0.863679
0.8676
0.871631
0.875436
0.879434
0.883365
0.887179
0.891207
0.89503
0.898911
0.902895
0.906655
0.91061
0.914493
0.918263
0.922246
0.926021
0.929857
0.933795
0.937508
0.941416
0.945254
0.948976
0.952911
0.956641
0.960426
0.964319
0.967984
0.97184
0.975635
0.979304
0.98319
0.986877
0.990604
0.994453
0.998071
1.00187
1.00562
1.00924
1.01307
1.01672
1.02038
1.02419
1.02776
1.03149
1.03521
1.03876
1.04254
1.04615
1.04975
1.0535
1.05703
1.06069
1.06438
1.06787
1.07158
1.07516
1.07869
1.0824
1.08588
1.08947
1.09311
1.09655
1.10019
1.10374
1.10719
1.11085
1.11429
1.1178
1.12141
1.12479
1.12836
1.13187
1.13525
1.13885
1.14226
1.14568
1.14925
1.15258
1.15606
1.15955
1.16285
1.16638
1.16977
1.17309
1.17661
1.17991
1.18329
1.18676
1.19
1.19344
1.1968
1.20004
1.2035
1.20677
1.21005
1.21348
1.21667
1.22001
1.22335
1.22652
1.2299
1.23314
1.23632
1.2397
1.24285
1.24608
1.24941
1.2525
1.25578
1.25902
1.2621
1.26541
1.26854
1.27166
1.27494
1.27799
1.28116
1.28438
1.28738
1.2906
1.29372
1.29673
1.29995
1.30298
1.30602
1.30921
1.31216
1.31526
1.31837
1.32129
1.32442
1.32744
1.33037
1.3335
1.33642
1.33939
1.34248
1.34533
1.34835
1.35136
1.35419
1.35723
1.36015
1.36299
1.36603
1.36885
1.37173
1.37472
1.37748
1.3804
1.38332
1.38605
1.389
1.39182
1.39456
1.39751
1.40024
1.40301
1.40592
1.40858
1.4114
1.41423
1.41686
1.4197
1.42244
1.42507
1.42792
1.43056
1.43323
1.43604
1.43861
1.44131
1.44406
1.44659
1.44932
1.45197
1.4545
1.45724
1.4598
1.46234
1.46506
1.46754
1.47012
1.47278
1.47521
1.47782
1.4804
1.48281
1.48544
1.48793
1.49034
1.49296
1.49536
1.49781
1.50038
1.50272
1.50519
1.5077
1.51
1.5125
1.51492
1.51721
1.51971
1.52205
1.52435
1.52683
1.52908
1.53141
1.53385
1.53604
1.5384
1.54076
1.54292
1.5453
1.54757
1.54973
1.5521
1.55429
1.55646
1.55881
1.56092
1.56312
1.56541
1.56747
1.56969
1.57191
1.57394
1.57618
1.57832
1.58033
1.58257
1.58462
1.58665
1.58886
1.59084
1.59288
1.59504
1.59697
1.59904
1.60113
1.60301
1.6051
1.60711
1.60898
1.61107
1.613
1.61487
1.61694
1.61879
1.62067
1.6227
1.62449
1.6264
1.62837
1.63011
1.63203
1.63393
1.63564
1.63757
1.63939
1.64109
1.64301
1.64475
1.64646
1.64835
1.65002
1.65174
1.65359
1.6552
1.65693
1.65872
1.66029
1.66203
1.66376
1.66529
1.66704
1.66869
1.67021
1.67195
1.67352
1.67504
1.67676
1.67825
1.67978
1.68146
1.6829
1.68444
1.68606
1.68745
1.689
1.69056
1.69191
1.69346
1.69495
1.69628
1.69783
1.69924
1.70056
1.7021
1.70344
1.70476
1.70626
1.70754
1.70886
1.71032
1.71154
1.71287
1.71428
1.71545
1.71678
1.71813
1.71926
1.7206
1.72188
1.72299
1.72432
1.72553
1.72662
1.72794
1.72908
1.73016
1.73145
1.73253
1.73361
1.73486
1.73588
1.73697
1.73817
1.73913
1.74022
1.74137
1.74229
1.74338
1.74447
1.74536
1.74644
1.74747
1.74833
1.7494
1.75037
1.7512
1.75226
1.75316
1.75398
1.75502
1.75585
1.75667
1.75767
1.75845
1.75926
1.76022
1.76094
1.76175
1.76266
1.76334
1.76414
1.76501
1.76564
1.76643
1.76724
1.76784
1.76863
1.76938
1.76994
1.77072
1.77141
1.77195
1.77271
1.77334
1.77386
1.77459
1.77517
1.77567
1.77638
1.7769
1.77738
1.77806
1.77852
1.779
1.77964
1.78005
1.78051
1.78111
1.78147
1.78192
1.78248
1.7828
1.78324
1.78375
1.78403
1.78445
1.78492
1.78515
1.78556
1.78598
1.78618
1.78657
1.78694
1.78711
1.78748
1.78779
1.78793
1.78829
1.78855
1.78866
1.78899
1.7892
1.78929
1.78959
1.78975
1.78981
1.79009
1.7902
1.79024
1.79049
1.79055
1.79056
1.79078
1.79079
1.79079
1.79097
1.79094
1.79091
1.79106
1.79098
1.79093
1.79105
1.79092
1.79085
1.79093
1.79076
1.79067
1.79071
1.7905
1.79039
1.79039
1.79014
1.79
1.78996
1.78968
1.78952
1.78944
1.78911
1.78893
1.78881
1.78845
1.78824
1.78808
1.78768
1.78745
1.78725
1.78682
1.78655
1.78631
1.78585
1.78556
1.78528
1.78478
1.78446
1.78414
1.78361
1.78326
1.78291
1.78234
1.78196
1.78157
1.78096
1.78056
1.78013
1.77949
1.77905
1.77859
1.77792
1.77745
1.77695
1.77624
1.77574
1.7752
1.77447
1.77393
1.77336
1.77259
1.77202
1.77142
1.77061
1.77001
1.76938
1.76854
1.7679
1.76723
1.76636
1.76569
1.76499
1.76408
1.76337
1.76265
1.76171
1.76096
1.7602
1.75923
1.75845
1.75766
1.75665
1.75583
1.75502
1.75398
1.75312
1.75227
1.7512
1.7503
1.74943
1.74833
1.74739
1.74649
1.74535
1.74438
1.74345
1.74228
1.74126
1.74031
1.73911
1.73805
1.73707
1.73584
1.73474
1.73373
1.73248
1.73133
1.73029
1.72901
1.72782
1.72676
1.72545
1.72422
1.72312
1.72179
1.72051
1.71939
1.71804
1.71671
1.71556
1.71418
1.71281
1.71163
1.71023
1.70882
1.7076
1.70619
1.70472
1.70347
1.70204
1.70054
1.69925
1.6978
1.69625
1.69493
1.69347
1.69187
1.69051
1.68903
1.6874
1.68599
1.6845
1.68283
1.68138
1.67988
1.67817
1.67667
1.67515
1.67342
1.67186
1.67034
1.66857
1.66696
1.66542
1.66363
1.66197
1.66041
1.6586
1.65688
1.6553
1.65347
1.6517
1.65009
1.64825
1.64643
1.64479
1.64294
1.64106
1.63939
1.63754
1.63561
1.6339
1.63204
1.63006
1.62831
1.62645
1.62443
1.62262
1.62076
1.6187
1.61685
1.61498
1.61289
1.61098
1.6091
1.60699
1.60502
1.60313
1.601
1.59897
1.59707
1.59493
1.59283
1.59091
1.58876
1.5866
1.58465
1.58251
1.58029
1.5783
1.57616
1.5739
1.57186
1.56972
1.56741
1.56532
1.56319
1.56085
1.5587
1.55657
1.5542
1.55198
1.54985
1.54747
1.54519
1.54304
1.54065
1.5383
1.53613
1.53375
1.53134
1.52913
1.52676
1.52429
1.52204
1.51968
1.51716
1.51486
1.51251
1.50996
1.50759
1.50525
1.50268
1.50024
1.4979
1.49531
1.49281
1.49045
1.48787
1.48529
1.48291
1.48034
1.4777
1.47528
1.47273
1.47003
1.46756
1.46502
1.46229
1.45975
1.45723
1.45447
1.45186
1.44935
1.44658
1.4439
1.44137
1.43861
1.43585
1.4333
1.43056
1.42774
1.42514
1.42243
1.41955
1.4169
1.41421
1.4113
1.40857
1.40589
1.40297
1.40017
1.39749
1.39458
1.39169
1.38899
1.3861
1.38314
1.38041
1.37754
1.37453
1.37174
1.3689
1.36586
1.36299
1.36017
1.35711
1.35416
1.35135
1.3483
1.34527
1.34244
1.33941
1.33631
1.33343
1.33045
1.32729
1.32435
1.32139
1.31821
1.31519
1.31225
1.30907
1.30596
1.30302
1.29986
1.29667
1.2937
1.29057
1.28732
1.28429
1.28121
1.27792
1.27481
1.27175
1.26845
1.26526
1.26221
1.25893
1.25565
1.25258
1.24933
1.24598
1.24286
1.23966
1.23626
1.23306
1.2299
1.22649
1.2232
1.22005
1.21667
1.21328
1.21011
1.20677
1.20331
1.20009
1.19679
1.1933
1.18999
1.18673
1.18323
1.17983
1.17658
1.17311
1.16962
1.16635
1.16292
1.15936
1.15603
1.15266
1.14907
1.14564
1.1423
1.13872
1.1352
1.13186
1.12832
1.12471
1.12133
1.11785
1.11418
1.11072
1.10729
1.10362
1.10006
1.09665
1.09301
1.08935
1.08592
1.08233
1.07861
1.07511
1.07158
1.06783
1.06423
1.06074
1.05701
1.05331
1.04981
1.04613
1.04235
1.0388
1.03519
1.03137
1.02772
1.02416
1.02035
1.0166
1.01304
1.00928
1.00544
1.00184
0.998146
0.994261
0.990565
0.98693
0.98305
0.979247
0.975624
0.971796
0.967899
0.964234
0.960478
0.956531
0.952776
0.949078
0.945138
0.941273
0.937589
0.933704
0.929745
0.926017
0.922208
0.918201
0.914379
0.910629
0.906635
0.902701
0.89896
0.895029
0.891004
0.88721
0.883358
0.879295
0.875401
0.871603
0.867565
0.863558
0.859759
0.855793
0.851703
0.847838
0.843953
0.83984
0.835865
0.832025
0.827955
0.823869
0.820009
0.816022
0.811869
0.807924
0.804013
0.799862
0.7958
0.791915
0.787828
0.783664
0.779733
0.775736
0.77153
0.767495
0.763561
0.759388
0.755234
0.751296
0.747208
0.742973
0.738958
0.734956
0.730717
0.726581
0.722615
0.718442
0.714199
0.71019
0.706113
0.701828
0.697711
0.693701
0.689454
0.685215
0.681198
0.677044
0.67273
0.668627
0.664562
0.660256
0.656027
0.651988
0.647762
0.643433
0.639335
0.63521
0.630858
0.626639
0.62257
0.61828
0.613944
0.609842
0.605658
0.601271
0.59706
0.592952
0.588609
0.58427
0.580156
0.575915
0.571504
0.567295
0.563148
0.558758
0.554418
0.550286
0.545995
0.541564
0.537353
0.533165
0.528739
0.524396
0.520243
0.515907
0.51146
0.507242
0.503017
0.498559
0.49421
0.490036
0.485661
0.481199
0.476971
0.472713
0.468228
0.463871
0.459674
0.455268
0.450791
0.446549
0.442263
0.437755
0.433386
0.429169
0.424737
0.420244
0.415987
0.411678
0.40715
0.402765
0.398529
0.394078
0.389567
0.385292
0.380967
0.376421
0.372017
0.367765
0.3633
0.35877
0.354475
0.350138
0.345579
0.341152
0.336886
0.332413
0.327862
0.323546
0.319203
0.314632
0.310178
0.3059
0.301426
0.296853
0.292512
0.28817
0.283592
0.279108
0.274817
0.270348
0.265755
0.261385
0.257046
0.252467
0.24795
0.243645
0.239189
0.234578
0.230175
0.225841
0.221269
0.216717
0.212393
0.207956
0.203333
0.198891
0.194562
0.190006
0.18542
0.181071
0.176658
0.17203
0.167544
0.163218
0.158687
0.15407
0.149688
0.145302
0.140681
0.136148
0.131815
0.12732
0.122681
0.118255
0.113894
0.109294
0.104714
0.100363
0.0959107
0.0912628
0.0867846
0.0824406
0.0778785
0.0732569
0.0688729
0.0644651
0.0598269
0.0552908
0.0509493
0.0464387
0.0417901
0.0373567
0.032988
0.0283818
0.0237897
0.01943
0.0149788
0.0103252
0.00582932
0.00148436
-0.00306765
-0.00770341
-0.012105
-0.0164981
-0.0211281
-0.0256908
-0.0300377
-0.0345197
-0.0391745
-0.0436396
-0.0479903
-0.0525656
-0.057185
-0.0615656
-0.0659746
-0.0706129
-0.0751523
-0.0794911
-0.0839882
-0.0886372
-0.0930813
-0.097433
-0.102016
-0.106621
-0.110988
-0.115399
-0.120036
-0.12456
-0.128891
-0.133386
-0.138027
-0.14246
-0.146804
-0.151379
-0.155976
-0.160334
-0.164733
-0.169359
-0.173878
-0.178198
-0.182676
-0.187308
-0.191738
-0.196065
-0.200618
-0.205212
-0.209567
-0.213939
-0.218544
-0.223068
-0.227377
-0.231819
-0.236439
-0.240878
-0.245181
-0.249695
-0.254289
-0.258649
-0.262982
-0.267553
-0.272089
-0.276392
-0.280782
-0.28538
-0.289838
-0.294117
-0.298574
-0.303164
-0.307542
-0.31183
-0.316348
-0.320898
-0.325207
-0.329533
-0.334092
-0.338578
-0.342842
-0.347223
-0.351795
-0.356205
-0.360453
-0.364893
-0.36945
-0.373785
-0.378044
-0.382535
-0.387049
-0.391321
-0.395615
-0.40014
-0.404592
-0.408821
-0.413162
-0.417698
-0.422079
-0.426289
-0.43068
-0.435203
-0.439513
-0.443725
-0.448162
-0.45265
-0.456897
-0.461132
-0.465602
-0.470037
-0.474236
-0.478505
-0.482992
-0.487364
-0.491532
-0.495842
-0.500326
-0.504632
-0.508787
-0.513137
-0.5176
-0.521842
-0.526
-0.530385
-0.534811
-0.538997
-0.543171
-0.54758
-0.551958
-0.556099
-0.560297
-0.564718
-0.56904
-0.573147
-0.577375
-0.581794
-0.586057
-0.590143
-0.594401
-0.598805
-0.60301
-0.607087
-0.611371
-0.615749
-0.619899
-0.623976
-0.628281
-0.632623
-0.636724
-0.640809
-0.645128
-0.649428
-0.653486
-0.657583
-0.661908
-0.666161
-0.670184
-0.674296
-0.678619
-0.682822
-0.686818
-0.690945
-0.695257
-0.699411
-0.703385
-0.707527
-0.711822
-0.715927
-0.719886
-0.724039
-0.728311
-0.732369
-0.736317
-0.740479
-0.744724
-0.748738
-0.752678
-0.756844
-0.761057
-0.765031
-0.768965
-0.773132
-0.777312
-0.781248
-0.785177
-0.789341
-0.793485
-0.797387
-0.801312
-0.805469
-0.809577
-0.813447
-0.817367
-0.821513
-0.825586
-0.829426
-0.833341
-0.837474
-0.841511
-0.845324
-0.849231
-0.853348
-0.857351
-0.861138
-0.865035
-0.869134
-0.873104
-0.876866
-0.880752
-0.884832
-0.88877
-0.892507
-0.89638
-0.900438
-0.904346
-0.908059
-0.911916
-0.915952
-0.919831
-0.923521
-0.927359
-0.931373
-0.935225
-0.938891
-0.942708
-0.946699
-0.950525
-0.954167
-0.957961
-0.961928
-0.96573
-0.969348
-0.973116
-0.977059
-0.980839
-0.984432
-0.988172
-0.99209
-0.99585
-0.999418
-1.00313
-1.00702
-1.01076
-1.0143
-1.01798
-1.02185
-1.02557
-1.02909
-1.03273
-1.03657
-1.04028
-1.04377
-1.04738
-1.05118
-1.05488
-1.05835
-1.06191
-1.06569
-1.06937
-1.07283
-1.07635
-1.08009
-1.08376
-1.08719
-1.09067
-1.09438
-1.09804
-1.10145
-1.10489
-1.10855
-1.1122
-1.1156
-1.11899
-1.12261
-1.12625
-1.12964
-1.13299
-1.13656
-1.14018
-1.14357
-1.14687
-1.15039
-1.154
-1.15738
-1.16064
-1.16411
-1.16769
-1.17107
-1.1743
-1.1777
-1.18126
-1.18465
-1.18785
-1.19118
-1.19471
-1.1981
-1.20128
-1.20455
-1.20803
-1.21143
-1.21459
-1.2178
-1.22123
-1.22463
-1.22778
-1.23093
-1.2343
-1.2377
-1.24085
-1.24394
-1.24725
-1.25063
-1.2538
-1.25684
-1.26007
-1.26344
-1.26661
-1.26962
-1.27277
-1.2761
-1.2793
-1.28227
-1.28534
-1.28863
-1.29184
-1.29481
-1.2978
-1.30102
-1.30424
-1.30722
-1.31014
-1.31328
-1.3165
-1.31949
-1.32236
-1.32542
-1.32861
-1.33163
-1.33446
-1.33742
-1.34058
-1.34362
-1.34643
-1.3493
-1.3524
-1.35546
-1.35828
-1.36107
-1.36408
-1.36715
-1.36999
-1.37271
-1.37563
-1.37868
-1.38155
-1.38424
-1.38705
-1.39005
-1.39296
-1.39563
-1.39834
-1.40128
-1.40421
-1.4069
-1.40952
-1.41236
-1.41529
-1.41802
-1.42058
-1.42331
-1.42621
-1.42898
-1.43152
-1.43413
-1.43697
-1.43977
-1.44232
-1.44484
-1.44757
-1.45038
-1.45298
-1.45543
-1.45804
-1.46083
-1.46347
-1.46589
-1.46839
-1.4711
-1.47379
-1.47623
-1.47862
-1.48122
-1.48392
-1.48641
-1.48873
-1.49121
-1.49387
-1.49641
-1.49872
-1.50107
-1.50365
-1.50623
-1.50857
-1.51083
-1.51328
-1.51586
-1.51826
-1.52047
-1.52278
-1.5253
-1.52776
-1.52998
-1.53216
-1.53458
-1.53706
-1.53933
-1.54144
-1.54371
-1.54616
-1.5485
-1.5506
-1.55273
-1.55508
-1.55747
-1.55962
-1.56164
-1.56385
-1.56622
-1.56845
-1.57045
-1.5725
-1.57479
-1.57707
-1.57911
-1.58105
-1.58319
-1.58547
-1.58759
-1.5895
-1.59148
-1.59368
-1.59586
-1.59781
-1.59966
-1.60171
-1.60391
-1.60593
-1.60775
-1.60963
-1.61174
-1.61384
-1.6157
-1.61746
-1.61941
-1.62151
-1.62346
-1.62518
-1.62696
-1.62897
-1.63099
-1.63277
-1.63443
-1.63627
-1.63828
-1.64016
-1.6418
-1.64347
-1.64536
-1.6473
-1.64902
-1.65058
-1.65229
-1.6542
-1.65602
-1.65759
-1.65913
-1.6609
-1.66276
-1.66442
-1.6659
-1.66747
-1.66926
-1.67102
-1.67254
-1.67396
-1.67558
-1.67735
-1.67898
-1.68038
-1.6818
-1.68346
-1.68516
-1.68664
-1.68796
-1.68941
-1.69107
-1.69267
-1.69401
-1.6953
-1.69679
-1.69841
-1.69987
-1.70111
-1.7024
-1.70391
-1.70546
-1.70679
-1.70796
-1.70926
-1.71077
-1.71222
-1.71342
-1.71455
-1.71587
-1.71735
-1.71868
-1.71977
-1.72089
-1.72223
-1.72364
-1.72485
-1.72586
-1.72698
-1.72832
-1.72964
-1.73073
-1.73169
-1.73282
-1.73413
-1.73536
-1.73633
-1.73726
-1.73839
-1.73966
-1.74078
-1.74167
-1.74257
-1.7437
-1.74491
-1.74592
-1.74673
-1.74762
-1.74874
-1.74987
-1.75077
-1.75152
-1.75241
-1.7535
-1.75455
-1.75535
-1.75605
-1.75692
-1.75797
-1.75893
-1.75965
-1.7603
-1.76116
-1.76217
-1.76304
-1.76367
-1.76429
-1.76513
-1.76608
-1.76686
-1.76742
-1.768
-1.76881
-1.7697
-1.7704
-1.77089
-1.77144
-1.77222
-1.77305
-1.77366
-1.77409
-1.7746
-1.77534
-1.7761
-1.77664
-1.77701
-1.77749
-1.77818
-1.77888
-1.77935
-1.77966
-1.78009
-1.78074
-1.78137
-1.78177
-1.78202
-1.78241
-1.78301
-1.78358
-1.78392
-1.78411
-1.78445
-1.78499
-1.78551
-1.78579
-1.78593
-1.78621
-1.78669
-1.78716
-1.78738
-1.78746
-1.78768
-1.78811
-1.78852
-1.78869
-1.78872
-1.78887
-1.78924
-1.7896
-1.78972
-1.78969
-1.78978
-1.79008
-1.79039
-1.79048
-1.79039
-1.7904
-1.79063
-1.7909
-1.79095
-1.79081
-1.79074
-1.7909
-1.79112
-1.79114
-1.79095
-1.79081
-1.79088
-1.79105
-1.79105
-1.79082
-1.79059
-1.79058
-1.79069
-1.79067
-1.79041
-1.7901
-1.78999
-1.79005
-1.79001
-1.78972
-1.78934
-1.78913
-1.78911
-1.78905
-1.78875
-1.78831
-1.78799
-1.78789
-1.7878
-1.7875
-1.787
-1.78658
-1.78638
-1.78625
-1.78595
-1.78543
-1.7849
-1.78458
-1.78441
-1.78411
-1.78357
-1.78296
-1.78252
-1.78227
-1.78197
-1.78144
-1.78076
-1.78019
-1.77984
-1.77953
-1.77901
-1.77829
-1.7776
-1.77713
-1.77678
-1.77629
-1.77556
-1.77476
-1.77415
-1.77373
-1.77325
-1.77254
-1.77168
-1.77092
-1.77039
-1.7699
-1.76923
-1.76833
-1.76745
-1.76677
-1.76624
-1.7656
-1.76472
-1.76373
-1.7629
-1.76227
-1.76165
-1.76081
-1.75978
-1.75879
-1.75802
-1.75738
-1.75659
-1.75557
-1.75447
-1.75353
-1.75279
-1.75204
-1.75107
-1.74991
-1.7488
-1.74792
-1.74715
-1.74625
-1.7451
-1.74388
-1.74281
-1.74194
-1.74108
-1.74
-1.73873
-1.73749
-1.73646
-1.73557
-1.73457
-1.73333
-1.73197
-1.73075
-1.72974
-1.72878
-1.72762
-1.72625
-1.72485
-1.72365
-1.72263
-1.72156
-1.72025
-1.71878
-1.71737
-1.71619
-1.71512
-1.71392
-1.71248
-1.71093
-1.70953
-1.70835
-1.7072
-1.70587
-1.70431
-1.70272
-1.70133
-1.70012
-1.69888
-1.69741
-1.69575
-1.69414
-1.69274
-1.69149
-1.69014
-1.68856
-1.68683
-1.68519
-1.68378
-1.68247
-1.68102
-1.67932
-1.67753
-1.67587
-1.67443
-1.67305
-1.6715
-1.66971
-1.66786
-1.66618
-1.6647
-1.66325
-1.6616
-1.65973
-1.65782
-1.6561
-1.65458
-1.65305
-1.65132
-1.64937
-1.64742
-1.64565
-1.64407
-1.64248
-1.64067
-1.63866
-1.63664
-1.63482
-1.63319
-1.63153
-1.62965
-1.62757
-1.6255
-1.62362
-1.62192
-1.6202
-1.61827
-1.61613
-1.61399
-1.61204
-1.61028
-1.6085
-1.60652
-1.60433
-1.60212
-1.60009
-1.59825
-1.59643
-1.59442
-1.59218
-1.58989
-1.58777
-1.58586
-1.58399
-1.58195
-1.57967
-1.57731
-1.5751
-1.57309
-1.57118
-1.56912
-1.56682
-1.56439
-1.56207
-1.55997
-1.55799
-1.55592
-1.55361
-1.55113
-1.5487
-1.54648
-1.54443
-1.54235
-1.54005
-1.53754
-1.53501
-1.53266
-1.53051
-1.5284
-1.52612
-1.5236
-1.52099
-1.5185
-1.51623
-1.51407
-1.51182
-1.50932
-1.50666
-1.50404
-1.50162
-1.49938
-1.49713
-1.49468
-1.49201
-1.48928
-1.4867
-1.48433
-1.48205
-1.47966
-1.47702
-1.47423
-1.47149
-1.46896
-1.4666
-1.46423
-1.46167
-1.45888
-1.45602
-1.4533
-1.4508
-1.4484
-1.44591
-1.44319
-1.44028
-1.43739
-1.4347
-1.4322
-1.42973
-1.42711
-1.42424
-1.42126
-1.41836
-1.41567
-1.41315
-1.41059
-1.40784
-1.40486
-1.40181
-1.3989
-1.39621
-1.39364
-1.391
-1.38813
-1.38505
-1.38196
-1.37903
-1.37632
-1.37369
-1.37096
-1.36799
-1.36484
-1.36169
-1.35873
-1.35598
-1.3533
-1.35048
-1.34743
-1.34421
-1.34102
-1.33801
-1.33521
-1.33247
-1.32959
-1.32648
-1.3232
-1.31994
-1.31687
-1.31401
-1.31121
-1.30828
-1.30512
-1.30179
-1.29846
-1.29531
-1.29238
-1.28953
-1.28657
-1.28338
-1.28
-1.2766
-1.27336
-1.27033
-1.26742
-1.26444
-1.26125
-1.25784
-1.25437
-1.25101
-1.24788
-1.2449
-1.2419
-1.23872
-1.23531
-1.23178
-1.22831
-1.22504
-1.22196
-1.21894
-1.21579
-1.21241
-1.20884
-1.20526
-1.20184
-1.19864
-1.19556
-1.19244
-1.18911
-1.18556
-1.1819
-1.17832
-1.17495
-1.17177
-1.16865
-1.16539
-1.16191
-1.15823
-1.15452
-1.15096
-1.14761
-1.14442
-1.14121
-1.13783
-1.13422
-1.13046
-1.12672
-1.12315
-1.11981
-1.11658
-1.11329
-1.10981
-1.10609
-1.10226
-1.09849
-1.0949
-1.09153
-1.08825
-1.08489
-1.08133
-1.07755
-1.07365
-1.06983
-1.0662
-1.06277
-1.05945
-1.05604
-1.05243
-1.0486
-1.04465
-1.04076
-1.03705
-1.03356
-1.03018
-1.02674
-1.02312
-1.01926
-1.01526
-1.01129
-1.00748
-1.00389
-1.00045
-0.996998
-0.993384
-0.989539
-0.985514
-0.981455
-0.977521
-0.973801
-0.970269
-0.966795
-0.963217
-0.959423
-0.955412
-0.951292
-0.947221
-0.943333
-0.939662
-0.936129
-0.932583
-0.928877
-0.92494
-0.920816
-0.916637
-0.912561
-0.90869
-0.905024
-0.901459
-0.89784
-0.894035
-0.89
-0.885798
-0.881569
-0.877465
-0.873572
-0.869877
-0.866271
-0.8626
-0.858738
-0.854647
-0.85039
-0.846104
-0.841937
-0.837979
-0.834224
-0.830573
-0.826877
-0.823007
-0.818906
-0.814619
-0.81027
-0.806006
-0.801936
-0.798081
-0.794371
-0.790669
-0.786833
-0.782778
-0.778507
-0.774112
-0.769735
-0.765506
-0.761494
-0.757676
-0.753949
-0.750171
-0.746219
-0.742038
-0.737662
-0.733201
-0.728796
-0.724563
-0.72055
-0.716719
-0.712958
-0.709129
-0.705118
-0.700878
-0.696445
-0.691928
-0.687464
-0.683166
-0.679089
-0.675203
-0.671407
-0.667568
-0.663567
-0.659341
-0.654904
-0.650344
-0.645788
-0.641363
-0.637147
-0.633145
-0.629289
-0.62546
-0.621531
-0.617404
-0.613048
-0.608504
-0.603874
-0.599286
-0.594852
-0.590634
-0.586625
-0.582751
-0.578895
-0.574932
-0.570772
-0.566382
-0.561799
-0.557115
-0.552452
-0.547924
-0.543604
-0.539504
-0.535571
-0.531702
-0.527778
-0.523692
-0.519384
-0.514854
-0.510161
-0.505409
-0.500716
-0.496183
-0.491867
-0.487767
-0.483826
-0.479943
-0.476004
-0.471908
-0.467591
-0.463048
-0.458325
-0.453513
-0.448724
-0.444062
-0.439601
-0.435366
-0.431329
-0.427416
-0.423523
-0.419543
-0.415387
-0.411005
-0.406397
-0.401609
-0.396729
-0.39186
-0.387103
-0.382536
-0.378195
-0.374072
-0.370113
-0.366231
-0.362325
-0.358298
-0.354076
-0.349622
-0.344942
-0.340083
-0.335124
-0.330161
-0.325292
-0.320594
-0.316118
-0.311874
-0.307832
-0.303932
-0.300086
-0.296201
-0.292188
-0.28798
-0.283539
-0.278861
-0.27398
-0.268957
-0.263873
-0.25882
-0.253881
-0.249126
-0.244597
-0.240309
-0.236241
-0.232347
-0.228558
-0.224791
-0.220964
-0.216998
-0.212833
-0.208432
-0.203782
-0.198901
-0.193827
-0.188621
-0.183356
-0.178111
-0.172961
-0.167974
-0.1632
-0.158672
-0.154397
-0.150365
-0.146543
-0.142881
-0.139318
-0.135785
-0.13221
-0.128526
-0.124673
-0.120603
-0.116282
-0.11169
-0.106827
-0.101705
-0.0963506
-0.090804
-0.0851135
-0.0793343
-0.0735251
-0.0677459
-0.0620548
-0.0565063
-0.0511495
-0.0460268
-0.0411729
-0.0366151
-0.0323722
-0.0284557
-0.02487
-0.0216131
-0.0186776
-0.0160516
-0.0137194
-0.0116627
-0.00986163
-0.00829483
-0.00694077
-0.00577801
-0.00478575
-0.00394413
-0.00323452
-0.0026397
-0.00214395
-0.00173306
-0.00139438
-0.00111671
-0.000890266
-0.000706547
-0.00055825
-0.000439143
-0.000343951
-0.00026824
-0.000208308
-0.000161089
-0.000124058
-9.51484e-05
-7.26802e-05
-5.52953e-05
-4.19021e-05
-3.16284e-05
-2.3781e-05
-1.78119e-05
-1.32903e-05
-9.87923e-06
-7.31624e-06
-5.39816e-06
-3.96837e-06
-2.90671e-06
-2.12143e-06
-1.54279e-06
-1.11802e-06
-8.07373e-07
-5.81018e-07
-4.16688e-07
-2.97817e-07
-2.12138e-07
-1.50601e-07
-1.0656e-07
-7.51491e-08
-5.2824e-08
-3.70106e-08
-2.58476e-08
-1.79938e-08
-1.24867e-08
-8.63776e-09
-5.95655e-09
-4.09485e-09
-2.80635e-09
-1.9174e-09
-1.30606e-09
-8.86953e-10
-6.00529e-10
-4.0539e-10
-2.7285e-10
-1.83104e-10
-1.22519e-10
-8.17419e-11
-5.43792e-11
-3.60725e-11
-2.38605e-11
-1.57382e-11
-1.03515e-11
-6.78953e-12
-4.44085e-12
-2.89661e-12
-1.88417e-12
-1.22226e-12
-7.90723e-13
-5.10166e-13
-3.28269e-13
-2.10663e-13
-1.34831e-13
-8.60685e-14
-5.47968e-14
-3.4796e-14
-2.2038e-14
-1.39217e-14
-8.77185e-15
-5.51287e-15
-3.45586e-15
-2.16089e-15
-1.34776e-15
-8.38493e-16
-5.20357e-16
-3.22123e-16
-1.98915e-16
-1.2253e-16
-7.52923e-17
-4.61529e-17
-2.82222e-17
-1.7216e-17
-1.04768e-17
-6.36035e-18
-3.8521e-18
-2.32746e-18
-1.40294e-18
-8.43668e-19
-5.06158e-19
-3.0296e-19
-1.80915e-19
-1.07785e-19
-6.40677e-20
-3.79947e-20
-2.24809e-20
-1.32713e-20
-7.81679e-21
-4.59369e-21
-2.6935e-21
-1.57579e-21
-9.19834e-22
-5.35741e-22
-3.11342e-22
-1.80535e-22
-1.04455e-22
-6.0304e-23
-3.47388e-23
-1.99682e-23
-1.14531e-23
-6.55491e-24
-3.7435e-24
-2.13333e-24
-1.21314e-24
-6.88398e-25
-3.89805e-25
-2.20261e-25
-1.24197e-25
-6.98839e-26
-3.92404e-26
-2.19879e-26
-1.22951e-26
-6.86093e-27
-3.82065e-27
-2.12324e-27
-1.17752e-27
-6.51709e-28
-3.59959e-28
-1.98414e-28
-1.09147e-28
-5.99207e-29
-3.28299e-29
-1.79511e-29
-9.79592e-30
-5.33501e-30
-2.89976e-30
-1.57301e-30
-8.51615e-31
-4.60152e-31
-2.48146e-31
-1.33557e-31
-7.17425e-32
-3.84631e-32
-2.05812e-32
-1.09915e-32
-5.8588e-33
-3.11692e-33
-1.65505e-33
-8.77138e-34
-4.63978e-34
-2.44965e-34
-1.29088e-34
-6.78969e-35
-3.56448e-35
-1.86779e-35
-9.76889e-36
-5.09979e-36
-2.65737e-36
-1.38211e-36
-7.17518e-37
-3.71808e-37
-1.92312e-37
-9.92877e-38
-5.11669e-38
-2.63202e-38
-1.35144e-38
-6.92657e-39
-3.54365e-39
-1.80966e-39
-9.2249e-40
-4.69402e-40
-2.38423e-40
-1.20886e-40
-6.11823e-41
-3.09104e-41
-1.55887e-41
-7.84779e-42
-3.94382e-42
-1.97843e-42
-9.90742e-43
-4.95266e-43
-2.47148e-43
-1.23116e-43
-6.12236e-44
-3.03926e-44
-1.50613e-44
-7.45088e-45
-3.67961e-45
-1.81405e-45
-8.92794e-46
-4.38641e-46
-2.15141e-46
-1.05341e-46
-5.14913e-47
-2.51265e-47
-1.22404e-47
-5.95281e-48
-2.89014e-48
-1.40082e-48
-6.77828e-49
-3.27438e-49
-1.57911e-49
-7.60274e-50
-3.65431e-50
-1.75356e-50
-8.40071e-51
-4.01784e-51
-1.91846e-51
-9.14533e-52
-4.35243e-52
-2.06801e-52
-9.80984e-53
-4.64583e-53
-2.19663e-53
-1.03692e-53
-4.88683e-54
-2.29936e-54
-1.08016e-54
-5.06599e-55
-2.37216e-55
-1.10899e-55
-5.17622e-56
-2.41215e-56
-1.12229e-56
-5.21328e-57
-2.41784e-57
-1.11958e-57
-5.17601e-58
-2.38918e-58
-1.10108e-58
-5.06644e-59
-2.32759e-59
-1.06765e-59
-4.88957e-60
-2.23581e-60
-1.02076e-60
-4.65301e-61
-2.11773e-61
-9.62353e-62
-4.36643e-62
-1.9781e-62
-8.94744e-63
-4.04094e-63
-1.82221e-63
-8.20446e-64
-3.68839e-64
-1.65562e-64
-7.42029e-65
-3.32064e-65
-1.48375e-65
-6.61979e-66
-2.94896e-66
-1.31171e-66
-5.82576e-67
-2.58352e-67
-1.14398e-67
-5.05797e-68
-2.23297e-68
-9.84326e-69
-4.33259e-69
-1.90419e-69
-8.35653e-70
-3.66182e-70
-1.60223e-70
-7.0002e-71
-3.0539e-71
-1.33033e-71
-5.7866e-72
-2.51333e-72
-1.09003e-72
-4.72055e-73
-2.04132e-73
-8.81448e-74
-3.80057e-74
-1.63632e-74
-7.03492e-75
-3.02009e-75
-1.29465e-75
-5.54185e-76
-2.36882e-76
-1.01108e-76
-4.30935e-77
-1.83407e-77
-7.79466e-78
-3.30793e-78
-1.40183e-78
-5.9322e-79
-2.50679e-79
-1.05779e-79
-4.45726e-80
-1.87551e-80
-7.88054e-81
-3.30658e-81
-1.38544e-81
-5.79679e-82
-2.42201e-82
-1.01054e-82
-4.21038e-83
-1.75179e-83
-7.27839e-84
-3.01983e-84
-1.25119e-84
-5.17681e-85
-2.13893e-85
-8.82526e-86
-3.63628e-86
-1.49619e-86
-6.14774e-87
-2.52259e-87
-1.03366e-87
-4.22973e-88
-1.72843e-88
-7.05334e-89
-2.87437e-89
-1.16976e-89
-4.75401e-90
-1.92943e-90
-7.82003e-91
-3.16517e-91
-1.27937e-91
-5.16424e-92
-2.08175e-92
-8.38039e-93
-3.3691e-93
-1.35263e-93
-5.42323e-94
-2.17147e-94
-8.68294e-95
-3.46735e-95
-1.38276e-95
-5.50703e-96
-2.19032e-96
-8.69999e-97
-3.45106e-97
-1.36712e-97
-5.40863e-98
-2.13694e-98
-8.4318e-99
-3.32258e-99
-1.30755e-99
-5.13885e-100
-2.01699e-100
-7.90623e-101
-3.09504e-101
-1.21002e-101
-4.72444e-102
-1.84221e-102
-7.17402e-103
-2.7901e-103
-1.0837e-103
-4.20373e-104
-1.62853e-104
-6.30078e-105
-2.43461e-105
-9.39511e-106
-3.62087e-106
-1.39368e-106
-5.35742e-107
-2.05678e-107
-7.88608e-108
-3.01979e-108
-1.15488e-108
-4.41101e-109
-1.68261e-109
-6.41027e-110
-2.43901e-110
-9.26825e-111
-3.51746e-111
-1.33324e-111
-5.04703e-112
-1.90815e-112
-7.20509e-113
-2.71717e-113
-1.0234e-113
-3.84969e-114
-1.4463e-114
-5.42681e-115
-2.03369e-115
-7.61167e-116
-2.84531e-116
-1.06227e-116
-3.96094e-117
-1.47509e-117
-5.48651e-118
-2.03813e-118
-7.56185e-119
-2.8021e-119
-1.03705e-119
-3.83332e-120
-1.41519e-120
-5.21812e-121
-1.92167e-121
-7.06815e-122
-2.59655e-122
-9.52694e-123
-3.49121e-123
-1.2778e-123
-4.67109e-124
-1.70546e-124
-6.21915e-125
-2.26511e-125
-8.23981e-126
-2.99374e-126
-1.08638e-126
-3.93751e-127
-1.42539e-127
-5.15365e-128
-1.8611e-128
-6.71273e-129
-2.41826e-129
-8.70121e-130
-3.12703e-130
-1.12243e-130
-4.02407e-131
-1.44094e-131
-5.15354e-132
-1.84095e-132
-6.56837e-133
-2.34074e-133
-8.33158e-134
-2.96198e-134
-1.05176e-134
-3.73022e-135
-1.3214e-135
-4.67537e-136
-1.65227e-136
-5.83216e-137
-2.05619e-137
-7.24069e-138
-2.54673e-138
-8.94689e-139
-3.13941e-139
-1.1003e-139
-3.85177e-140
-1.34678e-140
-4.70354e-141
-1.64074e-141
-5.71671e-142
-1.98949e-142
-6.91558e-143
-2.40108e-143
-8.32676e-144
-2.88429e-144
-9.97914e-145
-3.44859e-145
-1.19037e-145
-4.10412e-146
-1.41336e-146
-4.8616e-147
-1.67033e-147
-5.73221e-148
-1.96489e-148
-6.72749e-149
-2.30073e-149
-7.85916e-150
-2.68155e-150
-9.13894e-151
-3.11104e-151
-1.05783e-151
-3.59275e-152
-1.21882e-152
-4.13004e-153
-1.39789e-153
-4.72598e-154
-1.59594e-154
-5.38324e-155
-1.81375e-155
-6.10399e-156
-2.0519e-156
-6.88979e-157
-2.3108e-157
-7.74148e-158
-2.59056e-158
-8.65907e-159
-2.89106e-159
-9.64167e-160
-3.21186e-160
-1.06874e-160
-3.55218e-161
-1.17931e-161
-3.91089e-162
-1.29549e-162
-4.2865e-163
-1.41673e-163
-4.67715e-164
-1.54238e-164
-5.08058e-165
-1.67167e-165
-5.49418e-166
-1.80373e-166
-5.91499e-167
-1.93755e-167
-6.33972e-168
-2.07206e-168
-6.76479e-169
-2.20609e-169
-7.18639e-170
-2.33839e-170
-7.60052e-171
-2.46768e-171
-8.00304e-172
-2.59263e-172
-8.38975e-173
-2.71193e-173
-8.75647e-174
-2.82425e-174
-9.09912e-175
-2.92832e-175
-9.41374e-176
-3.02294e-176
-9.69666e-177
-3.10699e-177
-9.94447e-178
-3.17944e-178
-1.01542e-178
-3.23941e-179
-1.03232e-179
-3.28617e-180
-1.04495e-180
-3.31915e-181
-1.05314e-181
-3.33793e-182
-1.05681e-182
-3.34231e-183
-1.05591e-183
-3.33225e-184
-1.05046e-184
-3.30791e-185
-1.04054e-185
-3.26963e-186
-1.02629e-186
-3.21791e-187
-1.00789e-187
-3.15343e-188
-9.85577e-189
-3.07703e-189
-9.5964e-190
-2.98965e-190
-9.30398e-191
-2.89237e-191
-8.98204e-192
-2.78634e-192
-8.63436e-193
-2.67279e-193
-8.26489e-194
-2.55299e-194
-7.87769e-195
-2.42823e-195
-7.47686e-196
-2.2998e-196
-7.06643e-197
-2.16896e-197
-6.65037e-198
-2.03695e-198
-6.23244e-199
-1.90493e-199
-5.81622e-200
-1.77397e-200
-5.40502e-201
-1.6451e-201
-5.00184e-202
-1.51919e-202
-4.60937e-203
-1.39706e-203
-4.22995e-204
-1.27938e-204
-3.86557e-205
-1.16674e-205
-3.51787e-206
-1.05958e-206
-3.18814e-207
-9.58272e-208
-2.87733e-208
-8.63054e-209
-2.58605e-209
-7.74079e-210
-2.31464e-210
-6.91407e-211
-2.06317e-211
-6.15015e-212
-1.83142e-212
-5.44809e-213
-1.61902e-213
-4.80631e-214
-1.42536e-214
-4.22272e-215
-1.24972e-215
-3.69477e-216
-1.09123e-216
-3.21958e-217
-9.48939e-218
-2.79404e-218
-8.21831e-219
-2.41484e-219
-7.08845e-220
-2.0786e-220
-6.08902e-221
-1.78189e-221
-5.20923e-222
-1.52133e-222
-4.43845e-223
-1.2936e-223
-3.76639e-224
-1.0955e-224
-3.18315e-225
-9.23981e-226
-2.67935e-226
-7.7617e-227
-2.24618e-227
-6.49374e-228
-1.87545e-228
-5.41103e-229
-1.55961e-229
-4.49071e-230
-1.29175e-230
-3.71195e-231
-1.06559e-231
-3.05594e-232
-8.75511e-233
-2.50578e-233
-7.16458e-234
-2.04646e-234
-5.83957e-235
-1.66466e-235
-4.74062e-236
-1.34869e-236
-3.83315e-237
-1.08834e-237
-3.08706e-238
-8.74764e-239
-2.47631e-239
-7.00306e-240
-1.97852e-240
-5.58419e-241
-1.57453e-241
-4.43516e-242
-1.24807e-242
-3.50864e-243
-9.85392e-244
-2.76472e-244
-7.74931e-245
-2.16994e-245
-6.07019e-246
-1.69641e-246
-4.73621e-247
-1.321e-247
-3.68086e-248
-1.02463e-248
-2.84945e-249
-7.9164e-250
-2.1972e-250
-6.09234e-251
-1.68762e-251
-4.67024e-252
-1.29116e-252
-3.56612e-253
-9.83983e-254
-2.71241e-254
-7.46966e-255
-2.05505e-255
-5.64834e-256
-1.55095e-256
-4.25452e-257
-1.16596e-257
-3.19222e-258
-8.73133e-259
-2.38588e-259
-6.5132e-260
-1.77631e-260
-4.83977e-261
-1.31738e-261
-3.58242e-262
-9.73244e-263
-2.64149e-263
-7.16237e-264
-1.9402e-264
-5.25069e-265
-1.41961e-265
-3.83446e-266
-1.03472e-266
-2.78947e-267
-7.51285e-268
-2.02149e-268
-5.43402e-269
-1.45933e-269
-3.91537e-270
-1.04948e-270
-2.81036e-271
-7.51853e-272
-2.00951e-272
-5.36577e-273
-1.4314e-273
-3.81482e-274
-1.01572e-274
-2.70185e-275
-7.18018e-276
-1.90632e-276
-5.05643e-277
-1.33992e-277
-3.54734e-278
-9.38241e-279
-2.47921e-279
-6.54489e-280
-1.72616e-280
-4.54827e-281
-1.1973e-281
-3.14882e-282
-8.2734e-283
-2.17175e-283
-5.69542e-284
-1.49222e-284
-3.90599e-285
-1.02146e-285
-2.66871e-286
-6.96583e-287
-1.81651e-287
-4.73254e-288
-1.23181e-288
-3.20321e-289
-8.32185e-290
-2.15997e-290
-5.60106e-291
-1.45106e-291
-3.75573e-292
-9.71177e-293
-2.50898e-293
-6.47574e-294
-1.66985e-294
-4.30191e-295
-1.10723e-295
-2.84717e-296
-7.3145e-297
-1.87738e-297
-4.81409e-298
-1.23332e-298
-3.15669e-299
-8.07208e-300
-2.06223e-300
-5.26364e-301
-1.34225e-301
-3.41963e-302
-8.70409e-303
-2.21343e-303
-5.62351e-304
-1.42741e-304
-3.61983e-305
-9.17123e-306
-2.32149e-306
-5.87093e-307
-1.48336e-307
-3.74444e-308
-9.44341e-309
-2.37942e-309
-5.98983e-310
-1.50647e-310
-3.78536e-311
-9.50289e-312
-2.38346e-312
-5.97256e-313
-1.49526e-313
-3.74004e-314
-9.34628e-315
-2.33348e-315
-5.82067e-316
-1.45059e-316
-3.61176e-317
-8.98431e-318
-2.23261e-318
-5.54154e-319
-1.37286e-319
-3.3883e-320
-8.28548e-321
-1.98614e-321
-4.34778e-322
-7.90505e-323
-4.94066e-324
0
0
0
0
0
0
0
0
0
0
0
0
0
0
0
0
0
0
0
0
0
0
0
0
0
0
0
0
0
0
0
0
0
0
0
0
0
0
0
0
0
0
0
0
0
0
0
0
0
0
0
0
0
0
0
0
0
0
0
0
0
0
0
0
0
0
0
0
0
0
0
0
0
0
0
0
0
0
0
0
0
0
0
0
0
0
0
0
0
0
0
0
0
0
0
0
0
0
0
0
0
0
0
0
0
0
0
0
0
0
0
0
0
0
0
0
0
0
0
0
0
0
0
0
0
0
0
0
0
0
0
0
0
0
0
0
0
0
0
0
0
0
0
0
0
0
0
0
0
0
0
0
0
0
0
0
0
0
0
0
0
0
0
0
0
0
0
0
0
0
0
0
0
0
0
0
0
0
0
0
0
0
0
0
0
0
0
0
0
0
0
0
0
0
0
0
0
0
0
0
0
0
0
0
0
0
0
0
0
0
0
0
0
0
0
0
0
0
0
0
0
0
0
0
0
0
0
0
0
0
0
0
0
0
0
0
0
0
0
0
0
0
0
0
0
0
0
0
0
0
0
0
0
0
0
0
0
0
0
0
0
0
0
0
0
0
0
0
0
0
0
0
0
0
0
0
0
0
0
0
0
0
0
0
0
0
0
0
0
0
0
0
0
0
0
0
0
0
0
0
0
0
0
0
0
0
0
0
0
0
0
0
0
0
0
0
0
0
0
0
0
0
0
0
0
0
0
0
0
0
0
0
0
0
0
0
0
0
0
0
0
0
0
0
0
0
0
0
0
0
0
0
0
0
0
0
0
0
0
0
0
0
0
0
0
0
0
0
0
0
0
0
0
0
0
0
0
0
0
0
0
0
0
0
0
0
0
0
0
0
0
0
0
0
0
0
0
0
0
0
0
0
0
0
0
0
0
0
0
0
0
0
0
0
0
0
0
0
0
0
0
0
0
0
0
0
0
0
0
0
0
0
0
0
0
0
0
0
0
0
0
0
0
0
0
0
0
0
0
0
0
0
0
0
0
0
0
0
0
0
0
0
0
0
0
0
0
0
0
0
0
0
0
0
0
0
0
0
0
0
0
0
0
0
0
0
0
0
0
0
0
0
0
0
0
0
0
0
0
0
0
0
0
0
0
0
0
0
0
0
0
0
0
0
0
0
0
0
0
0
0
0
0
0
0
0
0
0
0
0
0
0
0
0
0
0
0
0
0
0
0
0
0
0
0
0
0
0
0
0
0
0
0
0
0
0
0
0
0
0
0
0
0
0
0
0
0
0
0
0
0
0
0
0
0
0
0
0
0
0
0
0
0
0
0
0
0
0
0
0
0
0
0
0
0
0
0
0
0
0
0
0
0
0
0
0
0
0
0
0
0
0
0
0
0
0
0
0
0
0
0
0
0
0
0
0
0
0
0
0
0
0
0
0
0
0
0
0
0
0
0
0
0
0
0
0
0
0
0
0
0
0
0
0
0
0
0
0
0
0
0
0
0
0
0
0
0
0
0
0
0
0
0
0
0
0
0
0
0
0
0
0
0
0
0
0
0
0
0
0
0
0
0
0
0
0
0
0
0
0
0
0
0
0
0
0
0
0
0
0
0
0
0
0
0
0
0
0
0
0
0
0
0
0
0
0
0
0
0
0
0
0
0
0
0
0
0
0
0
0
0
0
0
0
0
0
0
0
0
0
0
0
0
0
0
0
0
0
0
0
0
0
0
0
0
0
0
0
0
0
0
0
0
0
0
0
0
0
0
0
0
0
0
0
0
0
0
0
0
0
0
0
0
0
0
0
0
0
0
0
0
0
0
0
0
0
0
0
0
0
0
0
0
0
0
0
0
0
0
0
0
0
0
0
0
0
0
0
0
0
0
0
0
0
0
0
0
0
0
0
0
0
0
0
0
0
0
0
0
0
0
0
0
0
0
0
0
0
0
0
0
0
0
0
0
0
0
0
0
0
0
0
0
0
0
0
0
0
0
0
0
0
0
0
0
0
0
0
0
0
0
0
0
0
0
0
0
0
0
0
0
0
0
0
0
0
0
0
0
0
0
0
0
0
0
0
0
0
0
0
0
0
0
0
0
0
0
0
0
0
0
0
0
0
0
0
0
0
0
0
0
0
0
0
0
0
0
0
0
0
0
0
0
0
0
0
0
0
0
0
0
0
0
0
0
0
0
0
0
0
0
0
0
0
0
0
0
0
0
0
0
0
0
0
0
0
0
0
0
0
0
0
0
0
0
0
0
0
0
0
0
0
0
0
0
0
0
0
0
0
0
0
0
0
0
0
0
0
0
0
0
0
0
0
0
0
0
0
0
0
0
0
0
0
0
0
0
0
0
0
0
0
0
0
0
0
0
0
0
0
0
0
0
0
0
0
0
0
0
0
0
0
0
0
0
0
0
0
0
0
0
0
0
0
0
0
0
0
0
0
0
0
0
0
0
0
0
0
0
0
0
0
0
0
0
0
0
0
0
0
0
0
0
0
0
0
0
0
0
0
0
0
0
0
0
0
0
0
0
0
0
0
0
0
0
0
0
0
0
0
0
0
0
0
0
0
0
0
0
0
0
0
0
0
0
0
0
0
0
0
0
0
0
0
0
0
0
0
0
0
0
0
0
0
0
0
0
0
0
0
0
0
0
0
0
0
0
0
0
0
0
0
0
0
0
0
0
0
0
0
0
0
0
0
0
0
0
0
0
0
0
0
0
0
0
0
0
0
0
0
0
0
0
0
0
0
0
0
0
0
0
0
0
0
0
0
0
0
0
0
0
0
0
0
0
0
0
0
0
0
0
0
0
0
0
0
0
0
0
0
0
0
0
0
0
0
0
0
0
0
0
0
0
0
0
0
0
0
0
0
0
0
0
0
0
0
0
0
0
0
0
0
0
0
0
0
0
0
0
0
0
0
0
0
0
0
0
0
0
0
0
0
0
0
0
0
0
0
0
0
0
0
0
0
0
0
0
0
0
0
0
0
0
0
0
0
0
0
0
0
0
0
0
0
0
0
0
0
0
0
0
0
0
0
0
0
0
0
0
0
0
0
0
0
0
0
0
0
0
0
0
0
0
0
0
0
0
0
0
0
0
0
0
0
0
0
0
0
0
0
0
0
0
0
0
0
0
0
0
0
0
0
0
0
0
0
0
0
0
0
0
0
0
0
0
0
0
0
0
0
0
0
0
0
0
0
0
0
0
0
0
0
0
0
0
0
0
0
0
0
0
0
0
0
0
0
0
0
0
0
0
0
0
0
0
0
0
0
0
0
0
0
0
0
0
0
0
0
0
0
0
0
0
0
0
0
0
0
0
0
0
0
0
0
0
0
0
0
0
0
0
0
0
0
0
0
0
0
0
0
0
0
0
0
0
0
0
0
0
0
0
0
0
0
0
0
0
0
0
0
0
0
0
0
0
0
0
0
0
0
0
0
0
0
0
0
0
0
0
0
0
0
0
0
0
0
0
0
0
0
0
0
0
0
0
0
0
0
0
0
0
0
0
0
0
0
0
0
0
0
0
0
0
0
0
0
0
0
0
0
0
0
0
0
0
0
0
0
0
0
0
0
0
0
0
0
0
0
0
0
0
0
0
0
0
0
0
0
0
0
0
0
0
0
0
0
0
0
0
0
0
0
0
0
0
0
0
0
0
0
0
0
0
0
0
0
0
0
0
0
0
0
0
0
0
0
0
0
0
0
0
0
0
0
0
0
0
0
0
0
0
0
0
0
0
0
0
0
0
0
0
0
0
0
0
0
0
0
0
0
0
0
0
0
0
0
0
0
0
0
0
0
0
0
0
0
0
0
0
0
0
0
0
0
0
0
0
0
0
0
0
0
0
0
0
0
0
0
0
0
0
0
0
0
0
0
0
0
0
0
0
0
0
0
0
0
0
0
0
0
0
0
0
0
0
0
0
0
0
0
0
0
0
0
0
0
0
0
0
0
0
0
0
0
0
0
0
0
0
0
0
0
0
0
0
0
0
0
0
0
0
0
0
0
0
0
0
0
0
0
0
0
0
0
0
0
0
0
0
0
0
0
0
0
0
0
0
0
0
0
0
0
0
0
0
0
0
0
0
0
0
0
0
0
0
0
0
0
0
0
0
0
0
0
0
0
0
0
0
0
0
0
0
0
0
0
0
0
0
0
0
0
0
0
0
0
0
0
0
0
0
0
0
0
0
0
0
0
0
0
0
0
0
0
0
0
0
0
0
0
0
0
0
0
0
0
0
0
0
0
0
0
0
0
0
0
0
0
0
0
0
0
0
0
0
0
0
0
0
0
0
0
0
0
0
0
0
0
0
0
0
0
0
0
0
0
0
0
0
0
0
0
0
0
0
0
0
0
0
0
0
0
0
0
0
0
0
0
0
0
0
0
0
0
0
0
0
0
0
0
0
0
0
0
0
0
0
0
0
0
0
0
0
0
0
0
0
0
0
0
0
0
0
0
0
0
0
0
0
0
0
0
0
0
0
0
0
0
0
0
0
0
0
0
0
0
0
0
0
0
0
0
0
0
0
0
0
0
0
0
0
0
0
0
0
0
0
0
0
0
0
0
0
0
0
0
0
0
0
0
0
0
0
0
0
0
0
0
0
0
0
0
0
0
0
0
0
0
0
0
0
0
0
0
0
0
0
0
0
0
0
0
0
0
0
0
0
0
0
0
0
0
0
0
0
0
0
0
0
0
0
0
0
0
0
0
0
0
0
0
0
0
0
0
0
0
0
0
0
0
0
0
0
0
0
0
0
0
0
0
0
0
0
0
0
0
0
0
0
0
0
0
0
0
0
0
0
0
0
0
0
0
0
0
0
0
0
0
0
0
0
0
0
0
0
0
0
0
0
0
0
0
0
0
0
0
0
0
0
0
0
0
0
0
0
0
0
0
0
0
0
0
0
0
0
0
0
0
0
0
0
0
0
0
0
0
0
0
0
0
0
0
0
0
0
0
0
0
0
0
0
0
0
0
0
0
0
0
0
0
0
0
0
0
0
0
0
0
0
0
0
0
0
0
0
0
0
0
0
0
0
0
0
0
0
0
0
0
0
0
0
0
0
0
0
0
0
0
0
0
0
0
0
0
0
0
0
0
0
0
0
0
0
0
0
0
0
0
0
0
0
0
0
0
0
0
0
0
0
0
0
0
0
0
0
0
0
0
0
0
0
0
0
0
0
0
0
0
0
0
0
0
0
0
0
0
0
0
0
0
0
0
0
0
0
0
0
0
0
0
0
0
0
0
0
0
0
0
0
0
0
0
0
0
0
0
0
0
0
0
0
0
0
0
0
0
0
0
0
0
0
0
0
0
0
0
0
0
0
0
0
0
0
0
0
0
0
0
0
0
0
0
0
0
0
0
0
0
0
0
0
0
0
0
0
0
0
0
0
0
0
0
0
0
0
0
0
0
0
0
0
0
0
0
0
0
0
0
0
0
0
0
0
0
0
0
0
0
0
0
0
0
0
0
0
0
0
0
0
0
0
0
0
0
0
0
0
0
0
0
0
0
0
0
0
0
0
0
0
0
0
0
0
0
0
0
0
0
0
0
0
0
0
0
0
0
0
0
0
0
0
0
0
0
0
0
0
0
0
0
0
0
0
0
0
0
0
0
0
0
0
0
0
0
0
0
0
0
0
0
0
0
0
0
0
0
0
0
0
0
0
0
0
0
0
0
0
0
0
0
0
0
0
0
0
0
0
0
0
0
0
0
0
0
0
0
0
0
0
0
0
0
0
0
0
0
0
0
0
0
0
0
0
0
0
0
0
0
0
0
0
0
0
0
0
0
0
0
0
0
0
0
0
0
0
0
0
0
0
0
0
0
0
0
0
0
0
0
0
0
0
0
0
0
0
0
0
0
0
0
0
0
0
0
0
0
0
0
0
0
0
0
0
0
0
0
0
0
0
0
0
0
0
0
0
0
0
0
0
0
0
0
0
0
0
0
0
0
0
0
0
0
0
0
0
0
0
0
0
0
0
0
0
0
0
0
0
0
0
0
0
0
0
0
0
0
0
0
0
0
0
0
0
0
0
0
0
0
0
0
0
0
0
0
0
0
0
0
0
0
0
0
0
0
0
0
0
0
0
0
0
0
0
0
0
0
0
0
0
0
0
0
0
0
0
0
0
0
0
0
0
0
0
0
0
0
0
0
0
0
0
0
0
0
0
0
0
0
0
0
0
0
0
0
0
0
0
0
0
0
0
0
0
0
0
0
0
0
0
0
0
0
0
0
0
0
0
0
0
0
0
0
0
0
0
0
0
0
0
0
0
0
0
0
0
0
0
0
0
0
0
0
0
0
0
0
0
0
0
0
0
0
0
0
0
0
0
0
0
0
0
0
0
0
0
0
0
0
0
0
0
0
0
0
0
0
0
0
0
0
0
0
0
0
0
