0
0.0169093
0.0298833
0.041885
0.0509308
0.0543356
0.0553329
0.0551927
0.051056
0.0449011
0.037845
0.0318644
0.0292795
0.0266958
0.0256234
0.024051
0.0200948
0.0169223
0.0120555
0.00414174
0.000882967
-0.000234356
0.000583795
0.00197349
0.00487865
0.00492605
0.00750618
0.00705276
0.00634473
0.00555879
0.00620176
0.00912102
0.010817
0.0133326
0.0155377
0.0199862
0.0255698
0.0316329
0.0379197
0.0503956
0.0616275
0.0729944
0.0876512
0.10159
0.11368
0.123792
0.134219
0.145155
0.154028
0.16329
0.17143
0.177187
0.184039
0.193345
0.20126
0.210433
0.215933
0.219917
0.225834
0.230695
0.233905
0.234899
0.233469
0.227458
0.222785
0.218206
0.211985
0.204697
0.193669
0.182762
0.174434
0.166004
0.157691
0.149037
0.139116
0.128192
0.118442
0.109539
0.0994105
0.0914418
0.0844341
0.080699
0.0759213
0.0719716
0.0670007
0.0602853
0.0542748
0.0484354
0.0360013
0.0253383
0.0112629
-0.00444353
-0.0180757
-0.0303071
-0.0435178
-0.0572119
-0.0695176
-0.0765916
-0.0794696
-0.0825698
-0.0873227
-0.0911244
-0.0954958
-0.0966952
-0.0984107
-0.0983588
-0.0987575
-0.098647
-0.0985385
-0.098606
-0.095454
-0.0866009
-0.0770311
-0.0637979
-0.0524676
-0.0432435
-0.0339148
-0.0263165
-0.0190634
-0.0141353
-0.00849249
-0.00543696
-0.00395874
-0.00360524
-0.00545701
-0.00909065
-0.0134531
-0.0220764
-0.030386
-0.0397986
-0.049751
-0.0607025
-0.0714002
-0.0819568
-0.0922532
-0.104177
-0.119975
-0.137994
-0.158502
-0.17598
-0.192508
-0.205708
-0.216718
-0.227672
-0.238283
-0.245549
-0.255598
-0.263823
-0.271663
-0.278031
-0.283984
-0.29316
-0.300133
-0.305617
-0.310173
-0.316594
-0.321887
-0.329565
-0.339468
-0.345111
-0.348305
-0.348272
-0.348295
-0.344943
-0.343045
-0.341958
-0.334368
-0.332411
-0.329702
-0.322581
-0.31665
-0.309238
-0.303001
-0.296448
-0.287399
-0.274894
-0.25981
-0.2438
-0.23015
-0.213137
-0.1964
-0.180952
-0.165569
-0.149557
-0.132618
-0.111569
-0.0881287
-0.065907
-0.0431649
-0.0221815
-0.0029405
0.0168559
0.0345213
0.0534065
0.0730666
0.0920768
0.109911
0.127117
0.141985
0.156866
0.172104
0.18671
0.199895
0.215011
0.22881
0.241871
0.254699
0.266541
0.279971
0.290691
0.302371
0.312612
0.322355
0.334192
0.343788
0.350968
0.3591
0.368172
0.378143
0.386569
0.394645
0.401797
0.409919
0.416292
0.420582
0.424132
0.430333
0.435365
0.437382
0.440681
0.443827
0.449046
0.455575
0.463385
0.468588
0.474153
0.478592
0.481514
0.487153
0.491808
0.498009
0.50604
0.512159
0.51587
0.516674
0.518606
0.517686
0.513275
0.507053
0.499956
0.49046
0.475274
0.458894
0.440926
0.421628
0.406365
0.389577
0.373817
0.362219
0.353624
0.344671
0.336386
0.326378
0.316417
0.305682
0.291862
0.275493
0.257776
0.242605
0.229587
0.214512
0.195668
0.17522
0.154284
0.128153
0.100636
0.0740188
0.0494096
0.0268783
0.00254279
-0.0214091
-0.0453217
-0.0697632
-0.0965251
-0.123129
-0.15324
-0.183773
-0.213465
-0.238535
-0.2656
-0.292067
-0.319843
-0.352773
-0.384223
-0.415294
-0.443857
-0.472338
-0.497739
-0.522553
-0.548071
-0.57365
-0.599905
-0.624143
-0.651224
-0.677025
-0.70542
-0.732597
-0.760133
-0.786972
-0.813369
-0.837157
-0.858137
-0.874568
-0.887155
-0.899068
-0.910775
-0.91829
-0.922596
-0.922722
-0.921626
-0.917792
-0.912741
-0.905938
-0.897323
-0.888882
-0.881276
-0.870455
-0.858734
-0.844759
-0.831297
-0.818212
-0.804779
-0.793834
-0.779437
-0.762341
-0.743391
-0.719685
-0.693651
-0.665672
-0.636181
-0.603965
-0.566396
-0.52833
-0.486928
-0.443587
-0.400599
-0.358646
-0.320079
-0.282713
-0.244052
-0.204846
-0.168629
-0.131518
-0.0953564
-0.0618111
-0.0286789
0.000306061
0.0293686
0.0544412
0.0776302
0.0985328
0.117328
0.135876
0.151131
0.16355
0.177698
0.188735
0.205391
0.21984
0.235996
0.252489
0.268519
0.287301
0.305814
0.327648
0.348658
0.371108
0.397543
0.422636
0.447783
0.474923
0.499774
0.525527
0.546101
0.565035
0.585151
0.606181
0.627653
0.65229
0.674722
0.696501
0.715974
0.734227
0.751591
0.765514
0.776875
0.78906
0.800741
0.808106
0.815747
0.821148
0.826552
0.828396
0.829851
0.834319
0.837186
0.83925
0.840489
0.841741
0.839324
0.837766
0.835381
0.831051
0.823878
0.814387
0.805506
0.791445
0.779666
0.767521
0.751943
0.737473
0.725782
0.715359
0.705392
0.692055
0.678118
0.662907
0.643926
0.625212
0.605455
0.584768
0.565585
0.548006
0.529319
0.510946
0.490277
0.469116
0.447235
0.423859
0.398985
0.375446
0.35033
0.328217
0.304873
0.283867
0.264228
0.240664
0.214999
0.19059
0.167504
0.146521
0.12694
0.105899
0.0805477
0.0518222
0.0256576
-0.000488118
-0.0241834
-0.0499984
-0.0735609
-0.0976492
-0.123097
-0.147837
-0.173847
-0.196262
-0.215735
-0.233989
-0.251674
-0.270898
-0.287737
-0.300144
-0.309938
-0.31677
-0.323018
-0.326904
-0.32997
-0.335394
-0.339387
-0.34244
-0.350617
-0.358307
-0.366301
-0.376185
-0.386602
-0.397624
-0.409432
-0.422905
-0.432181
-0.441226
-0.454077
-0.467253
-0.482703
-0.495626
-0.505798
-0.514966
-0.524656
-0.532819
-0.538324
-0.546024
-0.553053
-0.558732
-0.562816
-0.567966
-0.574129
-0.578614
-0.585013
-0.592377
-0.597059
-0.602253
-0.608636
-0.614881
-0.621149
-0.625623
-0.628154
-0.631881
-0.633063
-0.632491
-0.62924
-0.626415
-0.62229
-0.619724
-0.617393
-0.614942
-0.610962
-0.603768
-0.59333
-0.585048
-0.57358
-0.563308
-0.553153
-0.543152
-0.532228
-0.519744
-0.502553
-0.486698
-0.467912
-0.445514
-0.421714
-0.399155
-0.375091
-0.350549
-0.329004
-0.306524
-0.282325
-0.259382
-0.237281
-0.218325
-0.200784
-0.182592
-0.163937
-0.145382
-0.123317
-0.100408
-0.0741838
-0.0467174
-0.0201606
0.00747364
0.0371572
0.0663566
0.0923876
0.118173
0.143262
0.168793
0.19143
0.213369
0.234285
0.254481
0.274469
0.292796
0.307858
0.319236
0.329556
0.33967
0.345352
0.355154
0.365878
0.37104
0.374392
0.376836
0.377095
0.375756
0.374106
0.378203
0.38088
0.378618
0.375518
0.371222
0.362916
0.357362
0.346965
0.337562
0.325576
0.31477
0.303884
0.28962
0.274661
0.257781
0.240823
0.223515
0.204749
0.185669
0.166924
0.146972
0.125986
0.107654
0.0891766
0.0727342
0.0554275
0.0401566
0.0248858
0.0104217
-0.00385704
-0.0222519
-0.0403427
-0.0545397
-0.0710614
-0.0862524
-0.108062
-0.129993
-0.150153
-0.176245
-0.201241
-0.229441
-0.25904
-0.288516
-0.316806
-0.348841
-0.384401
-0.418075
-0.450223
-0.484457
-0.516564
-0.548161
-0.576798
-0.6063
-0.634301
-0.656747
-0.681303
-0.705603
-0.728534
-0.750441
-0.772634
-0.792059
-0.812395
-0.830985
-0.849722
-0.868617
-0.885368
-0.897035
-0.909608
-0.922379
-0.934398
-0.943983
-0.954594
-0.965981
-0.973299
-0.981499
-0.988804
-0.993783
-0.997208
-1.0023
-1.00879
-1.01283
-1.01709
-1.01666
-1.01321
-1.00775
-1.00048
-0.991933
-0.979609
-0.968966
-0.960647
-0.955226
-0.945155
-0.936436
-0.931578
-0.926866
-0.921159
-0.914114
-0.911687
-0.906257
-0.90067
-0.895617
-0.890957
-0.885189
-0.878323
-0.871084
-0.863192
-0.854609
-0.847015
-0.84102
-0.837702
-0.836018
-0.83259
-0.831279
-0.834032
-0.83337
-0.829725
-0.827363
-0.823338
-0.817009
-0.812256
-0.805159
-0.796428
-0.785369
-0.773362
-0.759713
-0.746189
-0.730816
-0.713763
-0.699967
-0.683826
-0.666241
-0.647185
-0.625907
-0.604894
-0.585514
-0.56752
-0.547072
-0.528444
-0.511505
-0.492123
-0.47551
-0.461821
-0.447749
-0.435236
-0.420724
-0.406243
-0.393016
-0.373537
-0.352291
-0.330705
-0.30566
-0.279803
-0.250999
-0.219333
-0.187949
-0.158784
-0.128044
-0.093688
-0.0607233
-0.0280446
0.0041736
0.0359851
0.0683991
0.104134
0.137808
0.172002
0.206546
0.244412
0.280073
0.318652
0.357728
0.400017
0.440358
0.482215
0.527538
0.574512
0.620778
0.667696
0.71422
0.759451
0.801344
0.838868
0.877257
0.9133
0.948194
0.982674
1.01316
1.04393
1.07387
1.108
1.14397
1.17967
1.21528
1.24957
1.28241
1.31222
1.34333
1.37451
1.40568
1.43574
1.46501
1.49103
1.51657
1.54089
1.56253
1.58391
1.59949
1.61033
1.6184
1.62981
1.64085
1.65092
1.66118
1.67348
1.68526
1.69464
1.70345
1.71439
1.72257
1.72851
1.73344
1.73748
1.73829
1.73904
1.74021
1.7404
1.74113
1.74725
1.75135
1.75347
1.75069
1.74867
1.74877
1.74606
1.74035
1.73152
1.72503
1.71767
1.71091
1.7043
1.69855
1.69677
1.68791
1.67937
1.67696
1.6752
1.67136
1.66747
1.66312
1.65957
1.6501
1.64272
1.63691
1.629
1.62099
1.61519
1.6099
1.60686
1.60548
1.60368
1.60206
1.59818
1.59578
1.59022
1.58465
1.57852
1.5712
1.56244
1.55408
1.54636
1.53817
1.53231
1.52538
1.51637
1.50785
1.49868
1.48947
1.47909
1.47261
1.4619
1.45499
1.44968
1.44301
1.4371
1.43031
1.42378
1.41809
1.40829
1.40397
1.39992
1.3942
1.38981
1.38349
1.3752
1.36673
1.36033
1.34916
1.33688
1.32599
1.31285
1.29762
1.28205
1.26693
1.25035
1.22787
1.20829
1.18775
1.16598
1.14606
1.12568
1.10317
1.07855
1.05417
1.02843
1.00424
0.980305
0.954329
0.929559
0.906937
0.884266
0.858147
0.833381
0.806704
0.777937
0.752115
0.725912
0.699852
0.675606
0.655064
0.635773
0.616047
0.597664
0.578765
0.556404
0.534794
0.514977
0.491801
0.468415
0.445459
0.423063
0.401659
0.377854
0.359771
0.344993
0.327524
0.312874
0.301723
0.294496
0.287193
0.27681
0.269599
0.262865
0.252694
0.238859
0.225548
0.212049
0.199211
0.187617
0.178181
0.173193
0.171171
0.170028
0.172194
0.176662
0.180523
0.185439
0.192975
0.199129
0.199004
0.202839
0.205705
0.20861
0.21067
0.21223
0.215224
0.218257
0.217812
0.217376
0.217751
0.218918
0.214855
0.213034
0.209436
0.205858
0.201733
0.198623
0.194243
0.192852
0.190638
0.185096
0.18126
0.178938
0.175488
0.174704
0.176275
0.176938
0.179831
0.182519
0.183567
0.186336
0.184225
0.182034
0.177251
0.16754
0.159288
0.148226
0.132702
0.117317
0.10394
0.0936955
0.0824637
0.0720791
0.0626282
0.0521572
0.0410433
0.0280413
0.0144105
0
