0
0.00441145
0.00812254
0.0132737
0.0202977
0.0237126
0.0265988
0.0299469
0.0297612
0.0280594
0.0251724
0.0217024
0.0202824
0.0225505
0.0277399
0.032577
0.0369286
0.0395362
0.0441894
0.0468177
0.0481989
0.04804
0.0484575
0.0506518
0.0537744
0.0579757
0.0623626
0.0665316
0.0732499
0.0778592
0.0846
0.0887323
0.0922466
0.0954078
0.0974125
0.0983307
0.103861
0.109779
0.115694
0.120261
0.126656
0.134476
0.143648
0.152239
0.16178
0.168445
0.174949
0.180788
0.184351
0.187695
0.192858
0.199922
0.207139
0.217509
0.224962
0.229946
0.236969
0.246111
0.255812
0.263367
0.273787
0.28299
0.29421
0.30386
0.311806
0.323136
0.337923
0.352711
0.366246
0.381197
0.3961
0.405905
0.416753
0.431502
0.445592
0.461587
0.476841
0.492021
0.509202
0.524964
0.53757
0.550856
0.564401
0.578286
0.594725
0.615733
0.638393
0.656674
0.678401
0.696265
0.714314
0.731966
0.749034
0.763127
0.775315
0.787806
0.800558
0.815209
0.833152
0.852144
0.873571
0.896346
0.922862
0.949332
0.975254
1.00041
1.02502
1.04998
1.0744
1.09708
1.12202
1.13978
1.15645
1.17917
1.19855
1.21774
1.24166
1.2577
1.27265
1.29018
1.30682
1.32096
1.33577
1.35044
1.36717
1.38251
1.39735
1.41117
1.42487
1.44021
1.45661
1.47321
1.48715
1.50239
1.51839
1.52896
1.53897
1.55137
1.56055
1.574
1.58415
1.59038
1.59872
1.60543
1.61271
1.61575
1.61977
1.62088
1.62095
1.61953
1.61448
1.60533
1.59222
1.57787
1.56261
1.55117
1.53896
1.52595
1.51269
1.49731
1.48142
1.46046
1.43723
1.41082
1.38684
1.362
1.33671
1.31545
1.29458
1.27456
1.2531
1.2315
1.20478
1.17533
1.14374
1.10853
1.0695
1.03192
0.991349
0.947276
0.902704
0.852075
0.801108
0.752881
0.69985
0.648947
0.601764
0.554089
0.502311
0.450932
0.400753
0.351275
0.298922
0.244265
0.189005
0.136653
0.0844104
0.0298234
-0.0279364
-0.0836149
-0.137906
-0.191487
-0.243129
-0.293303
-0.345082
-0.395112
-0.443138
-0.492613
-0.540747
-0.591496
-0.64614
-0.700207
-0.753562
-0.807727
-0.859146
-0.909522
-0.956606
-1.00295
-1.05164
-1.09698
-1.13939
-1.18204
-1.22185
-1.26528
-1.30709
-1.34619
-1.38563
-1.42118
-1.45558
-1.48788
-1.51476
-1.54193
-1.56797
-1.59364
-1.61679
-1.63871
-1.66166
-1.68387
-1.70597
-1.72114
-1.73474
-1.74633
-1.75672
-1.76464
-1.77121
-1.78031
-1.78813
-1.7984
-1.80427
-1.81043
-1.8174
-1.82006
-1.82047
-1.8243
-1.82854
-1.83081
-1.83065
-1.82947
-1.82374
-1.81546
-1.80644
-1.79676
-1.78716
-1.77492
-1.76551
-1.75554
-1.74644
-1.73736
-1.72691
-1.7157
-1.70432
-1.69115
-1.67734
-1.65992
-1.6441
-1.62563
-1.60936
-1.59302
-1.5775
-1.56437
-1.55087
-1.53528
-1.51902
-1.5011
-1.47944
-1.4589
-1.44072
-1.4238
-1.40493
-1.38626
-1.36822
-1.3526
-1.3352
-1.31887
-1.30372
-1.28684
-1.26786
-1.25006
-1.22901
-1.20678
-1.18372
-1.15971
-1.13288
-1.10649
-1.0796
-1.05277
-1.02763
-0.99975
-0.969619
-0.939695
-0.913079
-0.885025
-0.858269
-0.832705
-0.807235
-0.783881
-0.760858
-0.734869
-0.708126
-0.683718
-0.659401
-0.632177
-0.602575
-0.573539
-0.543354
-0.51248
-0.485374
-0.457054
-0.428616
-0.398917
-0.368236
-0.340178
-0.31328
-0.284936
-0.26024
-0.238899
-0.220112
-0.200768
-0.184417
-0.167282
-0.147386
-0.128773
-0.11029
-0.0924027
-0.0718586
-0.052526
-0.0331532
-0.0150006
0.00236326
0.0184572
0.0317522
0.0377982
0.0398748
0.0374734
0.0343112
0.02641
0.0172835
0.00664162
-0.00457794
-0.0155118
-0.0275942
-0.0362426
-0.0427465
-0.0554841
-0.0665046
-0.0743714
-0.0887123
-0.0975807
-0.107157
-0.120547
-0.136564
-0.148519
-0.162616
-0.178692
-0.198962
-0.219321
-0.23917
-0.260726
-0.280796
-0.30106
-0.323121
-0.346055
-0.369445
-0.391251
-0.413983
-0.436559
-0.458405
-0.483209
-0.506205
-0.532431
-0.557456
-0.582452
-0.60784
-0.630587
-0.652088
-0.669552
-0.684447
-0.701432
-0.712627
-0.726351
-0.73766
-0.745959
-0.752594
-0.755389
-0.755409
-0.756137
-0.757001
-0.753091
-0.751695
-0.750582
-0.751303
-0.74859
-0.742228
-0.734431
-0.725432
-0.71865
-0.712069
-0.708826
-0.708657
-0.710131
-0.713746
-0.719612
-0.721784
-0.720255
-0.715754
-0.706074
-0.695155
-0.686297
-0.674029
-0.656372
-0.637413
-0.614196
-0.589792
-0.568557
-0.544018
-0.517352
-0.49306
-0.467406
-0.440947
-0.415492
-0.391855
-0.36911
-0.344859
-0.318262
-0.292315
-0.261893
-0.231193
-0.197656
-0.165255
-0.136592
-0.108954
-0.0789781
-0.0484907
-0.0181571
0.0122503
0.0412843
0.0696173
0.100957
0.132509
0.163218
0.194882
0.225975
0.256636
0.291949
0.328024
0.361283
0.392044
0.419565
0.451784
0.480595
0.509381
0.53883
0.568608
0.596447
0.623725
0.647667
0.672424
0.697787
0.724146
0.750597
0.772898
0.795554
0.817112
0.836172
0.854049
0.867804
0.879637
0.89072
0.899359
0.903223
0.906533
0.909124
0.909742
0.907004
0.899944
0.894862
0.886971
0.879833
0.871054
0.861067
0.853027
0.839278
0.826567
0.813131
0.799411
0.7849
0.772601
0.761656
0.749557
0.738272
0.729073
0.718744
0.706937
0.694038
0.68404
0.675462
0.669254
0.664436
0.656893
0.651969
0.648967
0.643473
0.636682
0.628838
0.619563
0.612047
0.605893
0.601725
0.597348
0.593902
0.589429
0.582823
0.58103
0.581407
0.577509
0.575892
0.575959
0.57401
0.571723
0.573763
0.576354
0.579243
0.579383
0.579536
0.578753
0.575778
0.573696
0.574847
0.572018
0.568095
0.562323
0.555343
0.545355
0.537912
0.528182
0.519065
0.508513
0.495664
0.48415
0.473312
0.463746
0.454948
0.447058
0.437726
0.428209
0.41927
0.407195
0.391658
0.375404
0.360903
0.344822
0.327516
0.308309
0.288176
0.266695
0.243244
0.221065
0.197017
0.1709
0.146089
0.120837
0.0976774
0.0748673
0.0501175
0.0286508
0.0087667
-0.0100714
-0.0250707
-0.0392331
-0.0510802
-0.0640476
-0.0770644
-0.0866075
-0.0932944
-0.102041
-0.106569
-0.11327
-0.123394
-0.136393
-0.151753
-0.167744
-0.180808
-0.193373
-0.203008
-0.21074
-0.216037
-0.218386
-0.219597
-0.220089
-0.220746
-0.221003
-0.221115
-0.224713
-0.224238
-0.22641
-0.227001
-0.225557
-0.224649
-0.223774
-0.21838
-0.214875
-0.216016
-0.216306
-0.21153
-0.205846
-0.197875
-0.190583
-0.180994
-0.17223
-0.166308
-0.158111
-0.149196
-0.139218
-0.128472
-0.119342
-0.107047
-0.0970361
-0.0852334
-0.0715805
-0.0560218
-0.0389622
-0.0227463
-0.00727329
0.00723184
0.020263
0.0302272
0.037252
0.0455743
0.0488174
0.0519334
0.0550533
0.052996
0.0550663
0.0551023
0.0550264
0.0524187
0.0497144
0.044373
0.0407754
0.0381636
0.0362493
0.0355451
0.0317158
0.0273833
0.0193539
0.0135358
0.0102695
0.00763707
0.00881403
0.010015
0.0131269
0.0154181
0.0181644
0.0208762
0.0244539
0.0236951
0.0230992
0.0236617
0.0217417
0.0184122
0.0188269
0.0198527
0.020176
0.0212625
0.0241398
0.0271257
0.0324651
0.0365682
0.0376253
0.0382197
0.0402161
0.0412489
0.0441556
0.0442298
0.0497523
0.0528481
0.0549393
0.0563537
0.0554581
0.0589943
0.0640215
0.0689961
0.07297
0.0779755
0.0846065
0.0894017
0.0929677
0.0935179
0.0913658
0.0868415
0.083584
0.0813604
0.0809958
0.0811248
0.077082
0.0733441
0.0674105
0.0605333
0.0521305
0.0450065
0.0374003
0.0231933
0.00820723
-0.00636151
-0.0188576
-0.0317597
-0.0452892
-0.0569934
-0.0705168
-0.0804056
-0.0915554
-0.103355
-0.115025
-0.125527
-0.137699
-0.148203
-0.155112
-0.161838
-0.167239
-0.16675
-0.16754
-0.166139
-0.159715
-0.152104
-0.143385
-0.134007
-0.120929
-0.107302
-0.0954961
-0.0797056
-0.0656715
-0.0476823
-0.0317707
-0.0137684
0.00873398
0.0276055
0.0433935
0.0564413
0.0670009
0.0763832
0.0851498
0.0954594
0.103872
0.111139
0.117648
0.122723
0.123689
0.119039
0.113557
0.103802
0.0926885
0.0847688
0.0761126
0.0664451
0.0597382
0.0523583
0.0469388
0.0405588
0.0319367
0.0239663
0.0203499
0.0188907
0.0152294
0.0104194
0.00721869
0.003315
-0.00448012
-0.00965691
-0.0130144
-0.0163839
-0.0178413
-0.0174024
-0.0187498
-0.0214889
-0.0223959
-0.0195108
-0.0202291
-0.0223535
-0.0205519
-0.0177528
-0.0165069
-0.0130381
-0.0102757
-0.0110428
-0.00650988
-0.00300734
0.00192474
0.00817387
0.00663414
0.00674264
0.00690642
0.00528282
0.00240635
-0.000844449
-0.00688053
-0.0151429
-0.022003
-0.0278941
-0.0330018
-0.0372191
-0.0375639
-0.0386888
-0.0376808
-0.0376655
-0.0390573
-0.0386166
-0.0364089
-0.0340929
-0.0297385
-0.0268303
-0.0215736
-0.0175189
-0.0117455
-0.00589207
-0.00224475
0.00212748
0.00759187
0.0113145
0.017013
0.0205552
0.02207
0.0221249
0.0197794
0.0183136
0.0186109
0.0124036
0.00647637
0.00358887
0.0024765
0.00356154
0.00729354
0.0115467
0.0163448
0.0210755
0.0224932
0.0242942
0.0246074
0.0233927
0.0210981
0.0192641
0.0170919
0.0152947
0.0136106
0.0112093
0.00956778
0.00695079
0.00165016
-0.00211037
-0.00834693
-0.015687
-0.0166261
-0.0144752
-0.0106136
-0.00963615
-0.00772323
-0.00646686
-0.00467976
-0.00243822
-0.000320012
0.00421859
0.00967893
0.0146528
0.0168508
0.0191238
0.0191511
0.0176301
0.0176821
0.0210801
0.0213013
0.0194802
0.0147432
0.0120805
0.00803521
0.00302364
-0.00323874
-0.00822782
-0.0134662
-0.0174353
-0.019282
-0.0194776
-0.019172
-0.0148955
-0.0142326
-0.0152206
-0.0172213
-0.0230811
-0.0263013
-0.0287021
-0.02991
-0.0319286
-0.0331758
-0.0359486
-0.0366597
-0.0380076
-0.0366926
-0.0346547
-0.0339488
-0.0327006
-0.0313427
-0.0309237
-0.0280076
-0.0223717
-0.0154409
-0.0105364
-0.0060889
0.00237668
0.00986959
0.0168299
0.0263163
0.0349449
0.044903
0.0568315
0.0667238
0.072882
0.0771059
0.0774464
0.0749423
0.0706333
0.0688493
0.0657671
0.0612225
0.0591002
0.053111
0.0495601
0.0415069
0.0322471
0.0265235
0.0174385
0.010233
0.00412045
-0.00301901
-0.0116482
-0.0194872
-0.0287884
-0.0404975
-0.0499795
-0.0588805
-0.0680299
-0.0751878
-0.0779501
-0.0787773
-0.0804307
-0.0815907
-0.0848375
-0.0884345
-0.0897226
-0.0872165
-0.0802486
-0.0733416
-0.067671
-0.0605687
-0.0481012
-0.0371843
-0.0241956
-0.0104295
0.0050178
0.0216777
0.0356361
0.0486211
0.0604252
0.0712521
0.0807523
0.0864099
0.0893792
0.0927978
0.0955149
0.0971432
0.0965368
0.0955057
0.0915212
0.0907266
0.0866672
0.0766859
0.0664945
0.0564517
0.0430822
0.0331878
0.0231684
0.0129172
0
