0
-0.0911812
-0.178753
-0.269498
-0.359205
-0.445584
-0.534959
-0.623233
-0.709391
-0.798516
-0.886606
-0.973272
-1.06138
-1.1475
-1.23141
-1.31483
-1.39572
-1.47516
-1.55432
-1.63314
-1.71239
-1.79248
-1.87243
-1.95185
-2.02939
-2.10372
-2.17445
-2.24187
-2.3058
-2.36822
-2.43136
-2.49432
-2.55921
-2.6262
-2.69138
-2.75469
-2.81615
-2.86993
-2.91964
-2.96636
-3.00801
-3.04893
-3.09259
-3.13415
-3.17783
-3.22265
-3.26407
-3.30271
-3.33972
-3.37078
-3.3986
-3.42476
-3.44743
-3.4673
-3.48598
-3.50174
-3.51352
-3.52455
-3.53343
-3.54121
-3.54931
-3.559
-3.56646
-3.57387
-3.57741
-3.57655
-3.56865
-3.5572
-3.53962
-3.51952
-3.49788
-3.47681
-3.45318
-3.43156
-3.4077
-3.38157
-3.35525
-3.32748
-3.29752
-3.26943
-3.23863
-3.20505
-3.17032
-3.12742
-3.0804
-3.02924
-2.97157
-2.91269
-2.85507
-2.79232
-2.73386
-2.67383
-2.61054
-2.54886
-2.48741
-2.42268
-2.36392
-2.30439
-2.24469
-2.18616
-2.12432
-2.05763
-1.98893
-1.9149
-1.83844
-1.76038
-1.67926
-1.59638
-1.51023
-1.41981
-1.32689
-1.23207
-1.13619
-1.0427
-0.951889
-0.862882
-0.777177
-0.693906
-0.612079
-0.53406
-0.461864
-0.394358
-0.335341
-0.28295
-0.236806
-0.196307
-0.160988
-0.131141
-0.108974
-0.0925644
-0.0862711
-0.0870219
-0.0918996
-0.104583
-0.119966
-0.137209
-0.161859
-0.189784
-0.219195
-0.255833
-0.289857
-0.323047
-0.355508
-0.384376
-0.410047
-0.436704
-0.458212
-0.479059
-0.495018
-0.506085
-0.513279
-0.517878
-0.519906
-0.524346
-0.528917
-0.534424
-0.541601
-0.549303
-0.5578
-0.569853
-0.585199
-0.60359
-0.625168
-0.646924
-0.667112
-0.685859
-0.700461
-0.71438
-0.726412
-0.734879
-0.7421
-0.746753
-0.743935
-0.743813
-0.741673
-0.739205
-0.742838
-0.748784
-0.752729
-0.762386
-0.769686
-0.77654
-0.786302
-0.79502
-0.8022
-0.807747
-0.808451
-0.805113
-0.798921
-0.790962
-0.784763
-0.77823
-0.774096
-0.770112
-0.766467
-0.76408
-0.76349
-0.763664
-0.765664
-0.765487
-0.761888
-0.755367
-0.744615
-0.731343
-0.71917
-0.707507
-0.694549
-0.684461
-0.674382
-0.662613
-0.655497
-0.649794
-0.642356
-0.636058
-0.627303
-0.611717
-0.595839
-0.577664
-0.559868
-0.542242
-0.527486
-0.512023
-0.496667
-0.48269
-0.471014
-0.457572
-0.446732
-0.432889
-0.414264
-0.394817
-0.371995
-0.349338
-0.330338
-0.311326
-0.294139
-0.278734
-0.260787
-0.244646
-0.228897
-0.211366
-0.193804
-0.172594
-0.149446
-0.125155
-0.101728
-0.0809518
-0.0644445
-0.0464848
-0.0307459
-0.013526
0.00653347
0.0270404
0.0451106
0.0679898
0.0903059
0.11108
0.134913
0.156002
0.171466
0.188087
0.203582
0.219378
0.239416
0.261069
0.282242
0.302913
0.321925
0.34095
0.357439
0.375606
0.390765
0.405028
0.419897
0.435598
0.452472
0.474184
0.49201
0.509581
0.524626
0.535689
0.547634
0.560352
0.573616
0.587972
0.601172
0.614978
0.629634
0.641783
0.655636
0.667128
0.67363
0.680982
0.689399
0.697696
0.708666
0.722367
0.731058
0.73849
0.745055
0.749872
0.75388
0.759891
0.764252
0.768419
0.772833
0.778862
0.784423
0.788173
0.791217
0.789481
0.78723
0.787376
0.78713
0.789657
0.792508
0.790899
0.789143
0.786535
0.781686
0.778475
0.773717
0.769281
0.763792
0.759431
0.757453
0.75222
0.745553
0.73754
0.726466
0.715715
0.709008
0.701694
0.695336
0.685188
0.675778
0.66361
0.650618
0.639545
0.628128
0.613433
0.601781
0.59088
0.577713
0.565952
0.552333
0.533952
0.517097
0.501981
0.486653
0.474153
0.460748
0.442489
0.425733
0.407065
0.389444
0.371858
0.35541
0.337684
0.319793
0.303068
0.28724
0.267284
0.248187
0.228203
0.208435
0.191811
0.176258
0.160986
0.143047
0.122461
0.106069
0.088103
0.0726656
0.0600589
0.046405
0.0318859
0.0205688
0.00922187
-0.000851491
-0.0117316
-0.0196682
-0.025571
-0.0303641
-0.0299155
-0.0310106
-0.0333133
-0.03423
-0.0329901
-0.0310515
-0.0233204
-0.0169119
-0.0128419
-0.00732364
-0.00229924
0.00103513
0.00671601
0.0112967
0.0132393
0.0157
0.0177782
0.0187265
0.016236
0.0117659
0.00872652
0.00369981
0.00212904
0.00046693
-0.00229788
-0.0074042
-0.0117359
-0.0127962
-0.0115093
-0.0110335
-0.00685558
-0.00495959
-0.00357469
0.000318385
0.00327383
0.00530409
0.00629728
0.00747879
0.00965323
0.00813193
0.00780649
0.00368321
-0.00212789
-0.00354071
-0.0041091
-0.00550426
-0.00439477
-0.00559183
-0.00802762
-0.00533607
-0.00212182
0.00115828
0.00271364
0.00569724
0.00577238
0.00590952
0.0047237
0.00403266
0.000406193
-0.00186552
-0.00124492
-0.00240207
-0.00432288
-0.00588306
-0.00613532
-0.00330004
-0.000443714
0.00324768
0.00506845
0.00338098
0.00257688
0.0038125
0.00272229
0.00168044
-0.000840904
-0.00206405
-0.00434451
-0.0042011
-0.00283598
-0.00421684
-0.000935296
0.00230551
0.00315291
0.00471755
0.00365716
0.000880917
0.00030495
0.000740053
0.00100497
-0.00278458
-0.0045273
-0.00356072
-0.0034163
-0.000905053
0.00324
0.00232093
0.00274861
0.0024338
0.0028588
0.000703319
-0.00104066
-0.00258976
-0.00165708
-0.00206064
-0.00263903
-0.00127587
-0.00105337
0.00160487
0.00379251
0.00471181
0.00201749
-0.00102419
-0.0018028
-0.00142567
-0.00194782
-0.00103886
-0.00198158
-0.00197949
0.00103587
0.00258681
0.00238892
0.00195398
0.00196552
0.000335625
-0.00262713
-0.00112112
-0.00342378
-0.00293625
0.000784001
0.00241443
0.00189789
0.000282831
0.000980845
0.00209781
0.000259326
-0.0003373
-0.00200649
-0.00399097
-0.0017028
0.000294591
0.00216345
0.00242311
0.00100233
0.00120721
0.00112406
-0.0014375
-0.00176921
-0.0021328
-0.000770167
-0.00041694
0.000976239
0.000212091
0.00139133
0.00218669
0.00234093
-0.000664274
-0.00322587
-0.00184599
-0.00229954
0.000480988
0.00230735
0.00143079
-0.000380016
0.00101044
0.00201812
-0.000584921
-0.00248689
-0.00108917
-0.001227
-0.000544785
0.00079028
0.00165519
0.00186246
0.000989072
0.000528049
-0.00117833
-0.00346896
-0.000975882
-0.000104256
0.00183543
0.00139756
-0.000704731
0.00124531
0.000791065
0.000328697
-0.00105842
-0.00267475
-0.00162244
0.000587725
0.00196544
0.00187146
0.000164456
0.000821821
-0.000420833
-0.00211631
-0.00167391
0.000403766
-0.000424475
0.00127194
0.00196647
0.000386299
-0.000916498
-9.1723e-05
0.000999341
-0.00218871
-0.00239557
6.76714e-05
0.00259025
0.00172719
0.00127018
-0.00113102
-0.00148772
-0.00124155
-6.34357e-05
-1.05803e-05
-6.16715e-05
0.00139117
0.000749413
0.00110783
-0.000677662
-0.00145771
-0.000418569
-0.00103673
0.000269506
0.000306902
0.0012529
0.00204815
-0.000486389
-0.000349148
-0.0027223
-0.00182545
0.00190794
0.00212393
-0.000130951
-0.000708003
0.000689948
0.000949687
-0.00181688
-0.00136754
0.000226265
-6.73859e-05
0.0010955
0.00182914
0.000284412
-0.00126508
-0.000917461
-0.000879398
-0.000311641
-0.000112819
0.00221866
0.00114276
-0.000145731
-0.00142752
-0.00118881
-0.000170047
0.000691441
0.000312899
-0.000284036
0.00083424
0.000770231
0.000608018
-0.00178653
-0.00169145
-0.000901611
0.00252164
0.00175972
-0.000598425
-0.000561603
-0.00033598
-5.87239e-05
-0.00213315
0.00049914
0.00244335
-8.10572e-05
6.55172e-05
-0.000575736
-0.000366737
-0.000492527
-0.000747857
0.00118963
-0.000552362
0.000973596
0.0016153
-0.00066195
-0.00211862
-0.00131156
0.000847236
0.00177794
0.000780509
-0.000148485
-0.000885276
-0.000893139
4.95993e-05
1.24583e-05
5.66441e-05
0.0006157
0.000806275
1.19154e-05
-0.000193178
-0.00179959
-1.84634e-05
0.000549034
0.000939072
-0.000160048
0.000373935
0.00120552
-0.00203353
-0.00196659
0.000242959
0.00336199
0.000304392
-0.00142283
-0.000557941
-0.000193381
9.23556e-05
-5.24267e-05
0.000163793
0.000379726
0.000398499
0.000778862
-0.000963045
-0.00211997
0.000852816
0.000966814
0.000798886
-0.000199108
-0.000225269
0.000104755
-0.00158849
-0.000536535
0.00138895
0.00141128
0.000678856
-0.00215854
-0.00117051
0.00110564
0.000617807
-0.000208507
-0.000534465
0.00122918
0.000262792
-0.00119173
-0.000852077
0.000363206
0.000214411
0.00119584
0.000700496
-0.000934566
-0.00170898
-4.65521e-05
0.00139433
4.62663e-05
0.000380807
0.000256516
-0.000326895
-0.00198736
0.000376051
0.00159306
0.000490595
-0.000785346
-0.000511417
0.000564921
-0.000239803
-0.000652055
-0.000219335
0.00126243
0.00071129
4.39465e-05
-0.00218717
-0.000294474
0.00102904
0.000704193
0.000768797
-0.000901489
-0.00021155
-0.001136
0.000158557
0.00160978
-0.000211103
-0.000152474
-0.000143492
-0.000427689
-0.00034056
-0.000219716
0.00161349
-0.000188555
-0.000927713
0.000458401
0.000193831
-0.00102485
-0.000733096
0.00192367
0.00147463
-0.00138489
-0.00233048
0.000533165
0.00148381
0.000953485
-0.000878396
-0.000719522
4.55714e-05
0.000185959
-1.68782e-05
-0.000398125
0.00124571
-3.47512e-06
-0.000521327
-0.00133787
0.000738344
0.000918994
-0.000489402
0.000433056
-0.000187901
-0.00021103
-0.000989097
0.000265073
0.00133571
0.000161784
-0.000415247
-0.000595312
-0.0012041
0.000833951
0.00151422
0.000535848
-0.00171248
-0.00155483
0.00195984
0.000625401
-0.0007876
-0.00068481
0.000996715
0.000629579
-0.00141224
-0.000760963
0.00102786
0.00120841
-0.00010793
-0.00118046
-0.000919912
0.00077987
0.000842701
0.000284942
-0.000434723
-0.000466088
-0.000395483
-0.000170649
0.000927338
0.00118906
-0.00115871
-0.00135167
0.000591033
0.00129914
-0.00032363
-0.00143278
0.00136759
0.000632659
-0.00112021
-0.00157258
0.00154373
0.00176727
-0.000998524
-0.00135185
-0.000536044
0.00177326
-0.000287297
0.000345946
-0.000563164
-0.000331889
0.000268081
-0.000702785
0.00135956
-0.000247496
0.000229761
-0.00108254
-0.000620146
0.00158696
0.000159714
-0.000339753
-0.00083549
0.000502579
0.000435404
-0.00110809
0.000502148
0.00127932
-0.000412127
-0.00160759
-0.000311529
0.00202679
0.000420863
-0.00137548
-0.000491712
0.000601083
0.000207149
-0.000205069
0.000283328
0.000358968
-0.00065356
-0.000776643
0.000774415
0.000536467
0.000304111
-0.000955755
-0.000335523
0.000274773
0.000447784
0.000397471
-0.00073534
0.000322327
-0.000435457
0.000137736
-0.000389246
0.00116109
0.000514521
-0.0018398
-0.000438611
0.00068587
0.00246119
-0.0018168
-0.00148048
0.000849257
0.00106747
0.000167661
-0.00190871
0.00136901
0.000344997
-0.000821552
-0.000515712
0.000651733
0.00122768
-0.00117467
-0.000643043
0.000427644
0.000443939
1.26467e-05
-2.30354e-05
-4.25814e-06
-0.000430883
-0.000567621
0.000887529
0.00100276
-0.000608719
-0.00130048
-0.000379804
0.00162114
0.00106393
-0.00114806
-0.00162885
0.000281797
0.00189428
0.000558818
-0.00195808
-0.000658831
0.0012228
0.000896602
-0.000730598
-0.00115063
0.00121899
0.000209457
-0.000682495
-0.000303876
0.000565306
0.000790323
-0.00113933
-0.000181129
0.000424947
0.000226009
0.000172718
-0.000405609
-4.77652e-05
-0.000298495
0.000275262
0.000914892
-0.000724941
-0.000635499
0.000283493
0.000746866
-7.70726e-05
-0.00111366
0.000932128
0.000353031
-0.000834691
-0.000559611
0.0010713
0.00118361
-0.00179137
-0.000997442
0.00125048
0.00155144
-0.00100999
-0.00152088
0.000571558
0.00106302
-8.95107e-05
-0.000550476
0.000202921
-0.000427494
-0.000112702
0.000529299
0.00100321
-0.000997226
-0.00133162
0.000881138
0.00121205
4.94274e-05
-0.00168335
0.000268711
0.00059771
0.00017885
-7.07874e-05
-2.5233e-05
-8.30066e-05
-0.00108612
0.000930637
0.00103774
-0.000190829
-0.00184275
0
