0
-0.00298824
-0.00468869
-0.0060803
-0.00485191
-0.00112598
0.00198281
0.00417371
0.00737625
0.00641589
0.00449486
0.00412221
0.00330769
0.000681115
-0.00533739
-0.0103903
-0.012639
-0.0119823
-0.00648713
-0.00072817
0.00345477
0.00770781
0.0088378
0.0101396
0.00980575
0.00818566
0.00442895
0.0023133
-0.00282889
-0.00831049
-0.00935147
-0.0118683
-0.0106567
-0.00658581
-0.0032685
0.00238256
0.0058338
0.00736912
0.00597908
0.00446904
0.00517685
0.00436804
0.00569521
0.00363769
0.000472416
-0.00484155
-0.00662284
-0.00596833
-0.0059518
-0.00462683
-0.00404899
-0.00237873
0.000144474
-0.000316273
-6.32441e-05
0.00412186
0.00645642
0.00787412
0.00842134
0.00562451
0.0016466
-0.00244979
-0.00474487
-0.00735768
-0.00814321
-0.00636181
-0.00281331
-0.00169476
-0.000339534
0.00315572
0.00671762
0.00634899
0.00730652
0.00475061
0.00199139
-0.00260034
-0.00660792
-0.00769815
-0.00889389
-0.00765789
-0.00230233
0.00216584
0.00559552
0.00921644
0.00858376
0.00904514
0.00858669
0.00378662
-0.00276572
-0.00801733
-0.0108001
-0.0108467
-0.0101135
-0.00861913
-0.00428245
-0.000288627
0.00479338
0.00871513
0.0117495
0.0130215
0.0101544
0.00654565
0.000991492
-0.00375779
-0.00656058
-0.00744368
-0.00790964
-0.00955692
-0.00466937
-0.00161122
-0.000673365
-0.00041564
0.00098191
0.00298503
0.00453397
0.00518279
0.00636431
0.00336741
-0.00218013
-0.00077394
7.66473e-05
0.000414489
0.0014686
0.00150427
-0.000280905
-0.00230528
-0.00228527
-0.00410661
-0.00278939
-0.00193161
-0.000937388
-0.00133899
-0.000711541
0.000275905
0.000909888
-0.00134873
0.00102221
0.0022913
0.0049972
0.00544677
0.00328814
0.000200569
-0.000689106
-0.00156949
0.000182365
-1.75146e-05
-0.00332307
-0.00241854
-0.00255051
-0.000999069
-0.00143089
-0.00011088
0.00135926
-3.46183e-05
0.00172641
0.00089691
-0.00162795
-0.0036768
-0.00388452
-0.00263341
-0.00219368
-0.000584308
0.00468163
0.00814324
0.00841155
0.00765526
0.00812332
0.00712014
0.00212921
-0.0024676
-0.00761942
-0.0136272
-0.0135263
-0.012803
-0.0128009
-0.00945502
-0.00146004
0.00396705
0.0110333
0.014524
0.0154542
0.0127047
0.00885973
0.00621175
0.00276161
-0.00154685
-0.00654929
-0.00868575
-0.00962304
-0.00978656
-0.00784656
-0.00501779
-0.00123993
0.000810686
0.00209861
0.00138504
0.00062301
0.00166947
0.0047136
0.00283744
0.00317873
0.00481699
0.00446516
0.000257195
-0.00240026
-0.00386655
-0.00297781
-0.00247819
-0.000275674
0.000388866
0.00104388
0.00161197
-8.23911e-05
0.00473714
0.00495544
0.00545493
0.003863
-0.00273474
-0.0073885
-0.0103859
-0.0111121
-0.0104338
-0.00705419
-0.00147673
-0.00017483
0.00372218
0.00625564
0.00924112
0.0113434
0.0102387
0.00959159
0.00789644
0.00523319
0.00158941
-0.00213714
-0.00624454
-0.00747563
-0.00660903
-0.00597967
-0.00750098
-0.0080474
-0.00897371
-0.00725848
-0.00581587
-0.00154892
0.00162715
0.00341237
0.00330144
0.00646211
0.00873806
0.0107834
0.0107395
0.00962452
0.00687889
0.0042554
0.000591796
-0.00232917
-0.00264335
-0.00671189
-0.00912465
-0.0090046
-0.00913587
-0.00892005
-0.00701706
-0.00384182
-0.00033285
0.00485507
0.0085047
0.00854911
0.00651888
0.0038292
0.000114567
-0.00133645
-0.00399829
-0.00691398
-0.00686691
-0.00571354
-0.00255985
0.000438954
0.00431598
0.00718748
0.0128649
0.0139068
0.0122381
0.0108887
0.00526694
-0.00122717
-0.00577334
-0.0112617
-0.00997652
-0.0112626
-0.0109954
-0.0103672
-0.00981603
-0.0105052
-0.0081541
-0.00484528
-0.00269428
0.00105093
0.00553021
0.0111976
0.013843
0.0138079
0.0127852
0.0134988
0.0120418
0.0103707
0.00750436
0.00102786
-0.00529044
-0.00829507
-0.0100496
-0.010571
-0.00759206
-0.00459037
-0.00493785
-0.0043515
-0.00585176
-0.00603618
-0.00757008
-0.00682895
-0.00383372
-0.00294653
0.000540155
0.00367042
0.00528027
0.00771677
0.00869215
0.00860132
0.00791679
0.00404405
-9.26711e-05
-0.00139681
-0.00461434
-0.00445533
-0.00338802
-0.000631499
0.00496992
0.00882175
0.0110003
0.0127771
0.0112921
0.00797397
0.0057666
0.0017292
-0.00365435
-0.0108243
-0.0154906
-0.0177683
-0.0211907
-0.0230696
-0.0216518
-0.0171418
-0.0121768
-0.00553637
0.000862698
0.00713686
0.0129615
0.0136809
0.0158721
0.019956
0.0217956
0.0200437
0.0161861
0.0119658
0.00697396
0.00216667
0.00103377
0.00163326
-0.00330346
-0.00482412
-0.00550789
-0.00786497
-0.00964745
-0.00975619
-0.00883847
-0.00732214
-0.00256472
-0.00298079
-0.00381293
-0.00415552
-0.00645576
-0.00807975
-0.00740793
-0.0060926
-0.00596664
-0.00721989
-0.00690383
-0.0050892
-0.00350273
0.00160734
0.00282239
0.00116128
-0.000179011
0.002883
0.0056582
0.00915863
0.0110669
0.0169375
0.0191079
0.0229147
0.0232522
0.0227959
0.0232864
0.0187359
0.0138914
0.00770097
2.91714e-06
-0.0068989
-0.0118417
-0.0155824
-0.0192264
-0.023832
-0.0259981
-0.025321
-0.0273872
-0.0293976
-0.0291476
-0.0226152
-0.0157502
-0.00818298
0.000322151
0.00445053
0.00717368
0.0119325
0.0116954
0.00689842
0.00408623
-0.000429519
-0.00441898
-0.00502785
-0.00317274
0.00138066
0.00458901
0.00954222
0.0118984
0.0169706
0.0212274
0.0242602
0.0282385
0.031511
0.029131
0.0276557
0.0271169
0.0266742
0.0257742
0.0230685
0.0167011
0.0115376
0.00598807
-0.00283072
-0.0130824
-0.0193412
-0.0224894
-0.0277059
-0.031195
-0.0323918
-0.0351471
-0.0382213
-0.0405385
-0.0413747
-0.0426506
-0.0395717
-0.0381462
-0.0338055
-0.0283821
-0.0256735
-0.0218352
-0.0206466
-0.0163864
-0.00922028
-0.00581625
-0.00384846
-0.00287935
-0.00158623
-0.000913558
-0.00154991
-0.00216888
-0.000805668
0.00443006
0.00812079
0.0144922
0.0214056
0.0285519
0.0379291
0.0492263
0.059979
0.0707785
0.0789104
0.08701
0.0890888
0.0909714
0.093312
0.0930179
0.0898653
0.085461
0.0786697
0.0712884
0.0640601
0.0535223
0.0448714
0.0378619
0.0328411
0.0285269
0.0251259
0.0200978
0.015482
0.00854916
0.00197734
-0.00471026
-0.0127134
-0.020423
-0.0281713
-0.0388496
-0.0483279
-0.0589419
-0.0729672
-0.0892666
-0.10689
-0.122377
-0.137855
-0.155787
-0.175849
-0.193603
-0.21106
-0.229394
-0.246182
-0.263185
-0.281958
-0.300967
-0.320308
-0.341069
-0.35929
-0.373724
-0.386907
-0.396706
-0.404524
-0.414533
-0.421829
-0.433102
-0.443951
-0.455054
-0.473733
-0.490479
-0.504311
-0.519589
-0.534754
-0.549724
-0.567542
-0.589824
-0.60993
-0.629596
-0.648242
-0.666891
-0.680649
-0.693217
-0.702844
-0.711005
-0.714728
-0.716587
-0.720413
-0.722108
-0.724905
-0.728628
-0.731922
-0.734674
-0.738377
-0.741368
-0.743598
-0.747509
-0.753759
-0.761338
-0.766816
-0.772211
-0.777282
-0.780412
-0.78593
-0.790349
-0.796559
-0.800655
-0.802071
-0.801027
-0.802988
-0.803321
-0.801817
-0.802222
-0.799099
-0.794783
-0.789745
-0.780893
-0.77189
-0.761124
-0.748934
-0.737126
-0.722208
-0.706662
-0.690379
-0.677955
-0.666495
-0.65059
-0.636959
-0.62563
-0.616374
-0.608643
-0.605324
-0.601743
-0.595679
-0.5909
-0.583344
-0.57744
-0.571044
-0.563224
-0.554226
-0.542331
-0.528656
-0.513688
-0.493925
-0.473419
-0.451526
-0.42796
-0.406483
-0.385819
-0.362894
-0.338637
-0.311216
-0.286506
-0.263443
-0.241777
-0.219142
-0.198186
-0.181327
-0.160386
-0.139697
-0.120046
-0.100424
-0.0789315
-0.059995
-0.0425083
-0.0274292
-0.0123486
-0.000379086
0.0103072
0.0244815
0.0369039
0.0497776
0.06159
0.0750378
0.0890766
0.101968
0.118075
0.134034
0.152074
0.171051
0.187622
0.211179
0.239555
0.268002
0.29958
0.327434
0.357874
0.385919
0.414035
0.436433
0.459606
0.480848
0.50324
0.526387
0.545943
0.564048
0.580539
0.59314
0.600026
0.605758
0.612321
0.617578
0.62679
0.638027
0.643286
0.646819
0.651653
0.655964
0.658764
0.658151
0.659387
0.661626
0.662348
0.66491
0.666839
0.669559
0.671088
0.669851
0.674302
0.679897
0.684289
0.691674
0.700721
0.711969
0.726623
0.738252
0.751283
0.767562
0.782918
0.798421
0.815718
0.830999
0.843743
0.854292
0.867724
0.876109
0.882131
0.883927
0.88466
0.884914
0.881371
0.877808
0.869628
0.860403
0.851668
0.83999
0.824353
0.807012
0.792859
0.775355
0.754797
0.736146
0.713258
0.691162
0.665825
0.638383
0.609685
0.581758
0.549437
0.516147
0.485745
0.45347
0.419614
0.384721
0.349546
0.316387
0.284051
0.255963
0.232302
0.206339
0.182686
0.160752
0.14012
0.122948
0.10923
0.0974307
0.0894665
0.0815925
0.0765442
0.0748134
0.073435
0.0727979
0.0726242
0.0707611
0.0717534
0.0769882
0.0828515
0.0917194
0.102939
0.115851
0.128915
0.140997
0.155439
0.175888
0.198732
0.222726
0.245749
0.273144
0.302948
0.337515
0.369298
0.404816
0.441077
0.474886
0.506687
0.541039
0.575822
0.609414
0.645019
0.680244
0.71551
0.75092
0.783271
0.813993
0.844817
0.874432
0.905786
0.937899
0.968455
1.00382
1.04186
1.07796
1.11265
1.14587
1.17609
1.20836
1.24423
1.27781
1.31117
1.34724
1.38343
1.41474
1.44166
1.46601
1.48971
1.51297
1.53637
1.55968
1.57842
1.5983
1.61575
1.62925
1.64419
1.6566
1.66746
1.67729
1.68931
1.70445
1.71909
1.72983
1.73986
1.74896
1.75677
1.76618
1.77449
1.78336
1.79125
1.80016
1.80524
1.80665
1.80631
1.80311
1.80225
1.79672
1.78851
1.7809
1.77138
1.75938
1.74807
1.73207
1.71365
1.69343
1.67432
1.65304
1.63467
1.61754
1.59493
1.57331
1.55226
1.53199
1.50963
1.48922
1.466
1.44122
1.41999
1.39762
1.37382
1.34984
1.32474
1.29807
1.26784
1.23725
1.20592
1.1726
1.13837
1.1022
1.06403
1.02514
0.983145
0.942708
0.900162
0.854162
0.810948
0.765118
0.717781
0.672107
0.627402
0.584424
0.537405
0.49111
0.447302
0.40469
0.362157
0.321819
0.280518
0.238313
0.196713
0.156993
0.117765
0.0760702
0.0384587
-0.000793081
-0.0396659
-0.0787447
-0.119686
-0.161825
-0.205607
-0.249321
-0.29514
-0.339473
-0.380776
-0.426352
-0.472541
-0.516809
-0.565731
-0.61477
-0.664612
-0.713386
-0.761557
-0.806281
-0.850564
-0.89448
-0.936348
-0.980037
-1.02016
-1.06399
-1.10648
-1.14473
-1.17728
-1.20907
-1.23778
-1.2647
-1.29327
-1.32389
-1.34898
-1.37368
-1.39772
-1.41834
-1.43689
-1.45283
-1.47016
-1.48834
-1.50259
-1.52017
-1.53983
-1.5578
-1.57527
-1.58865
-1.60089
-1.61453
-1.62808
-1.64395
-1.6625
-1.68126
-1.69875
-1.71147
-1.72303
-1.73616
-1.74768
-1.75917
-1.77207
-1.78229
-1.79204
-1.80205
-1.80918
-1.81164
-1.81357
-1.81139
-1.80592
-1.80103
-1.7946
-1.78798
-1.77911
-1.76527
-1.74787
-1.72456
-1.69628
-1.66996
-1.64343
-1.61133
-1.57658
-1.54271
-1.50349
-1.46077
-1.41494
-1.36607
-1.31592
-1.26253
-1.20675
-1.1502
-1.09595
-1.03697
-0.97594
-0.912161
-0.847151
-0.780216
-0.711831
-0.641244
-0.574734
-0.505394
-0.43382
-0.363709
-0.29154
-0.218987
-0.147575
-0.0738872
0
