0.000000
-0.091181
-0.178753
-0.269498
-0.359205
-0.445584
-0.534959
-0.623233
-0.709391
-0.798516
-0.886606
-0.973272
-1.061382
-1.147504
-1.231406
-1.314834
-1.395719
-1.475157
-1.554323
-1.633140
-1.712388
-1.792485
-1.872427
-1.951846
-2.029389
-2.103723
-2.174449
-2.241874
-2.305796
-2.368215
-2.431364
-2.494315
-2.559205
-2.626197
-2.691379
-2.754694
-2.816154
-2.869933
-2.919636
-2.966357
-3.008010
-3.048929
-3.092594
-3.134151
-3.177831
-3.222653
-3.264067
-3.302713
-3.339719
-3.370783
-3.398597
-3.424758
-3.447434
-3.467297
-3.485984
-3.501745
-3.513518
-3.524550
-3.533426
-3.541206
-3.549313
-3.559001
-3.566456
-3.573873
-3.577412
-3.576550
-3.568649
-3.557198
-3.539620
-3.519523
-3.497878
-3.476809
-3.453183
-3.431557
-3.407703
-3.381575
-3.355253
-3.327483
-3.297523
-3.269429
-3.238627
-3.205051
-3.170321
-3.127422
-3.080397
-3.029243
-2.971567
-2.912685
-2.855066
-2.792323
-2.733862
-2.673828
-2.610544
-2.548861
-2.487407
-2.422684
-2.363921
-2.304390
-2.244693
-2.186159
-2.124317
-2.057632
-1.988932
-1.914896
-1.838444
-1.760377
-1.679256
-1.596381
-1.510234
-1.419814
-1.326895
-1.232075
-1.136188
-1.042702
-0.951889
-0.862882
-0.777177
-0.693906
-0.612079
-0.534060
-0.461864
-0.394358
-0.335341
-0.282950
-0.236806
-0.196307
-0.160988
-0.131141
-0.108974
-0.092564
-0.086271
-0.087022
-0.091900
-0.104583
-0.119966
-0.137209
-0.161859
-0.189784
-0.219195
-0.255833
-0.289857
-0.323047
-0.355508
-0.384376
-0.410047
-0.436704
-0.458212
-0.479059
-0.495018
-0.506085
-0.513279
-0.517878
-0.519906
-0.524346
-0.528917
-0.534424
-0.541601
-0.549303
-0.557800
-0.569853
-0.585199
-0.603590
-0.625168
-0.646924
-0.667112
-0.685859
-0.700461
-0.714380
-0.726412
-0.734879
-0.742100
-0.746753
-0.743935
-0.743813
-0.741673
-0.739205
-0.742838
-0.748784
-0.752729
-0.762386
-0.769686
-0.776540
-0.786302
-0.795020
-0.802200
-0.807747
-0.808451
-0.805113
-0.798921
-0.790962
-0.784763
-0.778230
-0.774096
-0.770112
-0.766467
-0.764080
-0.763490
-0.763664
-0.765664
-0.765487
-0.761888
-0.755367
-0.744615
-0.731343
-0.719170
-0.707507
-0.694549
-0.684461
-0.674382
-0.662613
-0.655497
-0.649794
-0.642356
-0.636058
-0.627303
-0.611717
-0.595839
-0.577664
-0.559868
-0.542242
-0.527486
-0.512023
-0.496667
-0.482690
-0.471014
-0.457572
-0.446732
-0.432889
-0.414264
-0.394817
-0.371995
-0.349338
-0.330338
-0.311326
-0.294139
-0.278734
-0.260787
-0.244646
-0.228897
-0.211366
-0.193804
-0.172594
-0.149446
-0.125155
-0.101728
-0.080952
-0.064445
-0.046485
-0.030746
-0.013526
0.006533
0.027040
0.045111
0.067990
0.090306
0.111080
0.134913
0.156002
0.171466
0.188087
0.203582
0.219378
0.239416
0.261069
0.282242
0.302913
0.321925
0.340950
0.357439
0.375606
0.390765
0.405028
0.419897
0.435598
0.452472
0.474184
0.492010
0.509581
0.524626
0.535689
0.547634
0.560352
0.573616
0.587972
0.601172
0.614978
0.629634
0.641783
0.655636
0.667128
0.673630
0.680982
0.689399
0.697696
0.708666
0.722367
0.731058
0.738490
0.745055
0.749872
0.753880
0.759891
0.764252
0.768419
0.772833
0.778862
0.784423
0.788173
0.791217
0.789481
0.787230
0.787376
0.787130
0.789657
0.792508
0.790899
0.789143
0.786535
0.781686
0.778475
0.773717
0.769281
0.763792
0.759431
0.757453
0.752220
0.745553
0.737540
0.726466
0.715715
0.709008
0.701694
0.695336
0.685188
0.675778
0.663610
0.650618
0.639545
0.628128
0.613433
0.601781
0.590880
0.577713
0.565952
0.552333
0.533952
0.517097
0.501981
0.486653
0.474153
0.460748
0.442489
0.425733
0.407065
0.389444
0.371858
0.355410
0.337684
0.319793
0.303068
0.287240
0.267284
0.248187
0.228203
0.208435
0.191811
0.176258
0.160986
0.143047
0.122461
0.106069
0.088103
0.072666
0.060059
0.046405
0.031886
0.020569
0.009222
-0.000851
-0.011732
-0.019668
-0.025571
-0.030364
-0.029916
-0.031011
-0.033313
-0.034230
-0.032990
-0.031052
-0.023320
-0.016912
-0.012842
-0.007324
-0.002299
0.001035
0.006716
0.011297
0.013239
0.015700
0.017778
0.018727
0.016236
0.011766
0.008727
0.003700
0.002129
0.000467
-0.002298
-0.007404
-0.011736
-0.012796
-0.011509
-0.011033
-0.006856
-0.004960
-0.003575
0.000318
0.003274
0.005304
0.006297
0.007479
0.009653
0.008132
0.007806
0.003683
-0.002128
-0.003541
-0.004109
-0.005504
-0.004395
-0.005592
-0.008028
-0.005336
-0.002122
0.001158
0.002714
0.005697
0.005772
0.005910
0.004724
0.004033
0.000406
-0.001866
-0.001245
-0.002402
-0.004323
-0.005883
-0.006135
-0.003300
-0.000444
0.003248
0.005068
0.003381
0.002577
0.003813
0.002722
0.001680
-0.000841
-0.002064
-0.004345
-0.004201
-0.002836
-0.004217
-0.000935
0.002306
0.003153
0.004718
0.003657
0.000881
0.000305
0.000740
0.001005
-0.002785
-0.004527
-0.003561
-0.003416
-0.000905
0.003240
0.002321
0.002749
0.002434
0.002859
0.000703
-0.001041
-0.002590
-0.001657
-0.002061
-0.002639
-0.001276
-0.001053
0.001605
0.003793
0.004712
0.002017
-0.001024
-0.001803
-0.001426
-0.001948
-0.001039
-0.001982
-0.001979
0.001036
0.002587
0.002389
0.001954
0.001966
0.000336
-0.002627
-0.001121
-0.003424
-0.002936
0.000784
0.002414
0.001898
0.000283
0.000981
0.002098
0.000259
-0.000337
-0.002006
-0.003991
-0.001703
0.000295
0.002163
0.002423
0.001002
0.001207
0.001124
-0.001438
-0.001769
-0.002133
-0.000770
-0.000417
0.000976
0.000212
0.001391
0.002187
0.002341
-0.000664
-0.003226
-0.001846
-0.002300
0.000481
0.002307
0.001431
-0.000380
0.001010
0.002018
-0.000585
-0.002487
-0.001089
-0.001227
-0.000545
0.000790
0.001655
0.001862
0.000989
0.000528
-0.001178
-0.003469
-0.000976
-0.000104
0.001835
0.001398
-0.000705
0.001245
0.000791
0.000329
-0.001058
-0.002675
-0.001622
0.000588
0.001965
0.001871
0.000164
0.000822
-0.000421
-0.002116
-0.001674
0.000404
-0.000424
0.001272
0.001966
0.000386
-0.000916
-0.000092
0.000999
-0.002189
-0.002396
0.000068
0.002590
0.001727
0.001270
-0.001131
-0.001488
-0.001242
-0.000063
-0.000011
-0.000062
0.001391
0.000749
0.001108
-0.000678
-0.001458
-0.000419
-0.001037
0.000270
0.000307
0.001253
0.002048
-0.000486
-0.000349
-0.002722
-0.001825
0.001908
0.002124
-0.000131
-0.000708
0.000690
0.000950
-0.001817
-0.001368
0.000226
-0.000067
0.001095
0.001829
0.000284
-0.001265
-0.000917
-0.000879
-0.000312
-0.000113
0.002219
0.001143
-0.000146
-0.001428
-0.001189
-0.000170
0.000691
0.000313
-0.000284
0.000834
0.000770
0.000608
-0.001787
-0.001691
-0.000902
0.002522
0.001760
-0.000598
-0.000562
-0.000336
-0.000059
-0.002133
0.000499
0.002443
-0.000081
0.000066
-0.000576
-0.000367
-0.000493
-0.000748
0.001190
-0.000552
0.000974
0.001615
-0.000662
-0.002119
-0.001312
0.000847
0.001778
0.000781
-0.000148
-0.000885
-0.000893
0.000050
0.000012
0.000057
0.000616
0.000806
0.000012
-0.000193
-0.001800
-0.000018
0.000549
0.000939
-0.000160
0.000374
0.001206
-0.002034
-0.001967
0.000243
0.003362
0.000304
-0.001423
-0.000558
-0.000193
0.000092
-0.000052
0.000164
0.000380
0.000398
0.000779
-0.000963
-0.002120
0.000853
0.000967
0.000799
-0.000199
-0.000225
0.000105
-0.001588
-0.000537
0.001389
0.001411
0.000679
-0.002159
-0.001171
0.001106
0.000618
-0.000209
-0.000534
0.001229
0.000263
-0.001192
-0.000852
0.000363
0.000214
0.001196
0.000700
-0.000935
-0.001709
-0.000047
0.001394
0.000046
0.000381
0.000257
-0.000327
-0.001987
0.000376
0.001593
0.000491
-0.000785
-0.000511
0.000565
-0.000240
-0.000652
-0.000219
0.001262
0.000711
0.000044
-0.002187
-0.000294
0.001029
0.000704
0.000769
-0.000901
-0.000212
-0.001136
0.000159
0.001610
-0.000211
-0.000152
-0.000143
-0.000428
-0.000341
-0.000220
0.001613
-0.000189
-0.000928
0.000458
0.000194
-0.001025
-0.000733
0.001924
0.001475
-0.001385
-0.002330
0.000533
0.001484
0.000953
-0.000878
-0.000720
0.000046
0.000186
-0.000017
-0.000398
0.001246
-0.000003
-0.000521
-0.001338
0.000738
0.000919
-0.000489
0.000433
-0.000188
-0.000211
-0.000989
0.000265
0.001336
0.000162
-0.000415
-0.000595
-0.001204
0.000834
0.001514
0.000536
-0.001712
-0.001555
0.001960
0.000625
-0.000788
-0.000685
0.000997
0.000630
-0.001412
-0.000761
0.001028
0.001208
-0.000108
-0.001180
-0.000920
0.000780
0.000843
0.000285
-0.000435
-0.000466
-0.000395
-0.000171
0.000927
0.001189
-0.001159
-0.001352
0.000591
0.001299
-0.000324
-0.001433
0.001368
0.000633
-0.001120
-0.001573
0.001544
0.001767
-0.000999
-0.001352
-0.000536
0.001773
-0.000287
0.000346
-0.000563
-0.000332
0.000268
-0.000703
0.001360
-0.000247
0.000230
-0.001083
-0.000620
0.001587
0.000160
-0.000340
-0.000835
0.000503
0.000435
-0.001108
0.000502
0.001279
-0.000412
-0.001608
-0.000312
0.002027
0.000421
-0.001375
-0.000492
0.000601
0.000207
-0.000205
0.000283
0.000359
-0.000654
-0.000777
0.000774
0.000536
0.000304
-0.000956
-0.000336
0.000275
0.000448
0.000397
-0.000735
0.000322
-0.000435
0.000138
-0.000389
0.001161
0.000515
-0.001840
-0.000439
0.000686
0.002461
-0.001817
-0.001480
0.000849
0.001067
0.000168
-0.001909
0.001369
0.000345
-0.000822
-0.000516
0.000652
0.001228
-0.001175
-0.000643
0.000428
0.000444
0.000013
-0.000023
-0.000004
-0.000431
-0.000568
0.000888
0.001003
-0.000609
-0.001300
-0.000380
0.001621
0.001064
-0.001148
-0.001629
0.000282
0.001894
0.000559
-0.001958
-0.000659
0.001223
0.000897
-0.000731
-0.001151
0.001219
0.000209
-0.000682
-0.000304
0.000565
0.000790
-0.001139
-0.000181
0.000425
0.000226
0.000173
-0.000406
-0.000048
-0.000298
0.000275
0.000915
-0.000725
-0.000635
0.000283
0.000747
-0.000077
-0.001114
0.000932
0.000353
-0.000835
-0.000560
0.001071
0.001184
-0.001791
-0.000997
0.001250
0.001551
-0.001010
-0.001521
0.000572
0.001063
-0.000090
-0.000550
0.000203
-0.000427
-0.000113
0.000529
0.001003
-0.000997
-0.001332
0.000881
0.001212
0.000049
-0.001683
0.000269
0.000598
0.000179
-0.000071
-0.000025
-0.000083
-0.001086
0.000931
0.001038
-0.000191
-0.001843
0.000000
