0.000000
0.000032
-0.000112
-0.000047
-0.000026
-0.000074
-0.000067
-0.000200
-0.000163
-0.000116
0.000045
0.000089
0.000136
0.000128
0.000135
0.000220
0.000147
0.000150
0.000014
-0.000071
-0.000105
-0.000031
-0.000302
-0.000356
-0.000191
-0.000159
0.000097
0.000169
0.000174
0.000159
0.000080
0.000152
0.000031
0.000009
0.000160
0.000032
-0.000087
-0.000134
-0.000261
0.000010
-0.000027
-0.000004
0.000014
0.000114
0.000035
-0.000072
-0.000171
-0.000195
-0.000001
0.000056
0.000162
0.000196
0.000102
-0.000028
0.000109
0.000170
0.000084
0.000108
-0.000143
-0.000155
-0.000227
-0.000292
-0.000280
-0.000219
0.000055
0.000148
0.000196
0.000184
0.000185
0.000191
0.000170
0.000087
0.000032
0.000034
-0.000002
-0.000276
-0.000370
-0.000197
-0.000004
0.000045
0.000024
-0.000034
-0.000025
0.000094
0.000005
0.000081
0.000066
0.000087
0.000012
0.000064
0.000130
0.000057
-0.000053
0.000078
0.000041
0.000058
-0.000116
-0.000282
-0.000281
-0.000240
-0.000192
0.000057
0.000094
0.000160
0.000118
0.000204
0.000090
0.000311
0.000333
0.000188
-0.000096
-0.000234
-0.000278
-0.000226
-0.000291
-0.000281
-0.000062
0.000065
0.000109
0.000080
0.000116
0.000093
0.000031
0.000216
0.000179
0.000160
0.000036
-0.000178
-0.000187
-0.000114
0.000083
0.000039
0.000061
-0.000015
-0.000148
-0.000237
-0.000168
-0.000042
-0.000081
0.000008
0.000108
0.000166
0.000209
0.000157
0.000125
0.000157
0.000138
0.000109
0.000039
-0.000211
-0.000375
-0.000309
-0.000278
-0.000173
-0.000081
0.000176
0.000117
0.000106
0.000131
0.000267
0.000185
0.000099
-0.000006
0.000028
-0.000083
-0.000097
-0.000072
-0.000019
-0.000136
-0.000013
0.000054
0.000034
-0.000094
-0.000078
-0.000166
-0.000099
-0.000020
-0.000036
-0.000128
0.000135
0.000263
0.000317
0.000337
0.000255
0.000173
0.000006
-0.000182
-0.000281
-0.000339
-0.000341
-0.000336
-0.000315
-0.000224
-0.000054
0.000228
0.000334
0.000450
0.000423
0.000529
0.000326
-0.000070
-0.000149
-0.000291
-0.000362
-0.000299
-0.000178
-0.000174
-0.000211
-0.000277
0.000077
0.000286
0.000199
0.000286
0.000204
0.000161
0.000020
-0.000092
-0.000086
-0.000102
0.000079
0.000093
0.000017
-0.000041
-0.000006
-0.000135
-0.000186
-0.000149
-0.000008
-0.000009
0.000022
-0.000146
-0.000144
0.000072
0.000233
0.000276
0.000273
0.000177
0.000049
-0.000003
-0.000141
-0.000150
-0.000088
-0.000178
-0.000153
-0.000068
0.000039
-0.000104
-0.000074
0.000071
0.000164
0.000065
-0.000032
0.000036
-0.000042
-0.000026
0.000034
0.000155
0.000273
0.000248
0.000059
0.000025
-0.000163
-0.000148
-0.000096
-0.000322
-0.000394
-0.000320
-0.000255
-0.000090
0.000116
0.000239
0.000579
0.000601
0.000546
0.000287
0.000062
-0.000072
-0.000341
-0.000374
-0.000425
-0.000498
-0.000495
-0.000362
-0.000146
0.000133
0.000405
0.000566
0.000615
0.000555
0.000225
-0.000046
-0.000119
-0.000272
-0.000367
-0.000326
-0.000243
-0.000191
-0.000161
-0.000038
0.000033
0.000248
0.000370
0.000424
0.000164
-0.000025
-0.000248
-0.000217
-0.000187
-0.000110
-0.000065
-0.000010
0.000143
0.000086
0.000116
0.000089
0.000085
0.000122
0.000004
-0.000005
-0.000097
-0.000189
-0.000251
-0.000152
-0.000142
0.000014
0.000208
0.000174
0.000041
0.000017
0.000061
0.000100
0.000126
0.000084
-0.000009
-0.000036
0.000012
-0.000079
-0.000029
-0.000089
-0.000225
-0.000210
-0.000086
-0.000078
-0.000034
0.000061
0.000091
0.000171
0.000264
0.000293
0.000217
0.000167
0.000056
-0.000072
-0.000289
-0.000277
-0.000322
-0.000369
-0.000344
-0.000089
0.000131
0.000361
0.000346
0.000329
0.000218
0.000251
0.000146
-0.000017
-0.000205
-0.000199
-0.000426
-0.000432
-0.000365
-0.000054
0.000060
0.000278
0.000409
0.000414
0.000352
0.000155
0.000046
-0.000146
-0.000253
-0.000235
-0.000382
-0.000288
-0.000257
-0.000229
0.000052
0.000244
0.000332
0.000515
0.000474
0.000194
0.000048
-0.000030
-0.000191
-0.000347
-0.000302
-0.000232
-0.000241
-0.000209
-0.000213
0.000049
0.000212
0.000261
0.000330
0.000234
0.000233
0.000132
-0.000027
-0.000059
-0.000020
-0.000119
-0.000191
-0.000140
-0.000135
-0.000168
-0.000143
0.000019
-0.000012
0.000039
0.000095
0.000183
0.000010
0.000114
0.000063
0.000129
0.000117
0.000068
-0.000041
-0.000063
-0.000167
-0.000122
-0.000015
0.000027
-0.000070
-0.000095
-0.000136
0.000076
-0.000085
0.000004
0.000161
-0.000001
0.000030
0.000074
-0.000028
0.000120
0.000081
0.000036
0.000148
0.000090
0.000030
-0.000099
-0.000134
-0.000167
-0.000228
-0.000135
-0.000024
-0.000047
-0.000075
-0.000113
0.000122
0.000136
0.000120
0.000378
0.000211
0.000120
0.000006
0.000013
-0.000051
-0.000121
-0.000103
-0.000160
-0.000172
-0.000151
-0.000143
-0.000150
-0.000066
-0.000025
0.000057
0.000164
0.000221
0.000167
0.000196
0.000205
0.000077
0.000156
0.000024
0.000040
-0.000141
-0.000257
-0.000319
-0.000277
-0.000259
-0.000133
-0.000097
-0.000008
0.000196
0.000114
0.000278
0.000406
0.000191
0.000150
0.000110
0.000049
-0.000038
-0.000202
-0.000204
-0.000169
-0.000330
-0.000139
-0.000044
-0.000076
-0.000006
0.000056
0.000135
0.000007
0.000159
0.000233
0.000095
0.000104
0.000092
0.000031
0.000098
-0.000083
-0.000092
-0.000170
-0.000193
-0.000177
-0.000187
-0.000039
-0.000091
0.000032
0.000114
0.000227
0.000257
0.000226
0.000114
0.000032
-0.000029
-0.000123
-0.000231
-0.000231
-0.000182
-0.000198
-0.000033
0.000112
0.000232
0.000256
0.000276
0.000332
0.000081
-0.000084
-0.000185
-0.000268
-0.000386
-0.000402
-0.000238
-0.000075
-0.000028
0.000145
0.000493
0.000400
0.000428
0.000413
0.000243
-0.000068
-0.000223
-0.000431
-0.000444
-0.000456
-0.000397
-0.000231
-0.000034
0.000220
0.000260
0.000391
0.000407
0.000293
0.000304
0.000107
-0.000118
-0.000285
-0.000385
-0.000310
-0.000129
-0.000057
-0.000065
0.000021
0.000268
0.000152
0.000174
0.000153
0.000082
-0.000103
-0.000204
-0.000154
-0.000183
-0.000168
-0.000055
0.000100
0.000121
0.000187
0.000180
0.000216
0.000149
-0.000039
-0.000040
0.000056
-0.000067
-0.000198
-0.000229
-0.000319
-0.000211
0.000065
0.000063
0.000055
0.000048
-0.000039
0.000102
0.000172
0.000206
0.000183
0.000236
0.000179
0.000111
-0.000103
-0.000166
-0.000268
-0.000219
-0.000309
-0.000225
-0.000177
-0.000151
-0.000222
0.000036
0.000248
0.000333
0.000506
0.000581
0.000317
0.000007
-0.000038
-0.000136
-0.000222
-0.000254
-0.000321
-0.000367
-0.000252
-0.000196
-0.000116
-0.000003
0.000201
0.000336
0.000303
0.000355
0.000150
0.000029
-0.000044
-0.000018
-0.000062
0.000061
-0.000098
-0.000183
-0.000091
-0.000173
-0.000130
-0.000011
-0.000045
0.000008
0.000041
0.000017
0.000086
0.000055
0.000054
0.000123
0.000130
0.000039
0.000098
-0.000014
-0.000128
-0.000088
-0.000076
-0.000017
-0.000137
-0.000039
0.000010
0.000028
0.000045
0.000146
0.000033
0.000014
-0.000044
-0.000088
-0.000143
0.000076
0.000071
-0.000123
-0.000089
0.000054
0.000052
0.000088
0.000077
0.000127
0.000140
0.000129
0.000037
-0.000124
-0.000139
-0.000193
-0.000123
-0.000034
-0.000024
-0.000203
-0.000161
-0.000129
0.000005
0.000155
0.000233
0.000307
0.000361
0.000245
0.000101
0.000057
-0.000118
-0.000027
-0.000194
-0.000362
-0.000343
-0.000328
-0.000305
-0.000150
-0.000079
0.000195
0.000482
0.000556
0.000355
0.000166
0.000102
0.000048
-0.000032
-0.000251
-0.000284
-0.000336
-0.000377
-0.000152
0.000011
0.000113
0.000172
0.000336
0.000285
0.000197
0.000017
-0.000194
-0.000263
-0.000188
-0.000257
-0.000188
-0.000067
0.000104
0.000180
0.000227
0.000407
0.000455
0.000390
0.000050
-0.000266
-0.000375
-0.000427
-0.000382
-0.000343
-0.000356
-0.000206
0.000037
0.000244
0.000363
0.000456
0.000401
0.000423
0.000269
0.000069
-0.000060
-0.000290
-0.000472
-0.000269
-0.000216
-0.000143
-0.000068
-0.000045
-0.000033
-0.000000
0.000071
0.000177
0.000260
0.000151
-0.000011
-0.000069
0.000039
0.000110
0.000153
-0.000011
-0.000030
0.000089
-0.000011
-0.000163
-0.000227
-0.000213
-0.000113
-0.000120
-0.000020
0.000054
0.000120
0.000041
0.000119
0.000152
0.000182
0.000144
0.000054
-0.000038
-0.000158
-0.000132
-0.000102
-0.000110
0.000022
0.000007
-0.000042
0.000049
0.000103
0.000157
0.000008
-0.000067
-0.000007
0.000044
-0.000105
-0.000137
-0.000133
-0.000094
0.000034
0.000010
-0.000043
0.000056
0.000211
0.000204
0.000152
0.000089
0.000186
0.000124
-0.000024
-0.000138
-0.000235
-0.000195
-0.000383
-0.000301
-0.000255
-0.000104
-0.000058
0.000090
0.000282
0.000394
0.000392
0.000443
0.000413
0.000217
0.000012
-0.000144
-0.000349
-0.000381
-0.000442
-0.000493
-0.000393
-0.000230
0.000096
0.000153
0.000188
0.000280
0.000401
0.000374
0.000379
0.000130
0.000069
-0.000073
-0.000229
-0.000231
-0.000256
-0.000164
-0.000085
-0.000115
-0.000144
-0.000035
0.000042
0.000002
0.000062
0.000126
0.000147
0.000137
0.000137
0.000090
-0.000013
-0.000026
-0.000070
0.000019
-0.000004
-0.000158
-0.000129
-0.000121
-0.000058
-0.000040
0.000207
0.000191
0.000166
0.000044
0.000067
-0.000121
-0.000177
-0.000094
-0.000208
-0.000144
-0.000250
-0.000017
0.000081
0.000176
0.000270
0.000356
0.000321
0.000224
0.000123
-0.000033
-0.000258
-0.000246
-0.000356
-0.000272
-0.000279
-0.000234
-0.000044
-0.000018
0.000157
0.000304
0.000269
0.000315
0.000260
-0.000050
-0.000087
-0.000016
0.000073
-0.000000
0.000018
-0.000106
-0.000110
-0.000126
-0.000168
-0.000065
-0.000005
-0.000110
-0.000163
-0.000038
-0.000081
-0.000096
0.000118
0.000232
0.000394
0.000362
0.000318
0.000118
-0.000155
-0.000172
-0.000192
-0.000184
-0.000147
-0.000202
-0.000116
-0.000281
-0.000166
0.000054
0.000282
0.000238
0.000323
0.000111
0.000037
-0.000023
-0.000176
-0.000130
-0.000129
0.000081
0.000050
0.000069
0.000054
-0.000023
-0.000010
0.000030
0.000195
0.000162
-0.000082
-0.000147
-0.000308
-0.000235
-0.000138
-0.000141
-0.000033
0.000063
0.000096
0.000156
0.000197
0.000211
0.000196
0.000307
0.000168
0.000064
0.000012
-0.000157
-0.000300
-0.000410
-0.000319
-0.000279
-0.000093
-0.000130
-0.000029
0.000082
0.000197
0.000456
0.000396
0.000303
0.000122
0.000005
-0.000016
-0.000170
-0.000163
-0.000278
-0.000321
-0.000116
-0.000028
0.000060
0.000181
0.000117
0.000148
0.000131
0.000093
-0.000120
-0.000191
-0.000232
-0.000210
-0.000195
0.000026
0.000167
0.000202
0.000267
0.000201
0.000286
0.000261
0.000114
-0.000101
-0.000260
-0.000344
-0.000384
-0.000221
-0.000190
-0.000163
-0.000016
0.000191
0.000255
0.000206
0.000191
0.000179
0.000013
-0.000016
-0.000051
-0.000068
-0.000024
-0.000072
0.000036
0.000101
0.000193
0.000049
0.000045
-0.000117
-0.000146
-0.000191
-0.000334
-0.000184
-0.000248
-0.000189
-0.000029
0.000280
0.000396
0.000257
0.000405
0.000360
0.000299
0.000094
-0.000065
-0.000285
-0.000353
-0.000353
-0.000334
-0.000326
-0.000192
-0.000094
0.000059
0.000234
0.000209
0.000247
0.000360
0.000215
0.000023
0.000044
0.000045
-0.000152
-0.000201
-0.000273
-0.000212
-0.000038
0.000063
0.000133
0.000112
0.000025
0.000102
0.000128
0.000169
0.000126
-0.000195
-0.000223
-0.000162
-0.000244
-0.000355
-0.000259
-0.000021
0.000253
0.000275
0.000359
0.000399
0.000298
0.000175
0.000162
-0.000015
-0.000108
-0.000089
-0.000412
-0.000537
-0.000590
-0.000347
-0.000079
0.000170
0.000300
0.000310
0.000300
0.000244
0.000169
0.000106
0.000076
0.000023
-0.000061
0.000057
-0.000155
-0.000164
-0.000194
0.000007
0.000052
0.000126
-0.000039
-0.000141
-0.000195
-0.000235
-0.000349
-0.000164
0.000127
0.000328
0.000288
0.000271
0.000270
0.000324
0.000146
0.000170
-0.000035
-0.000269
-0.000259
-0.000441
-0.000461
-0.000289
-0.000120
0.000112
0.000197
0.000277
0.000393
0.000253
0.000125
0.000088
-0.000072
-0.000202
-0.000234
-0.000263
-0.000245
-0.000129
-0.000053
0.000154
0.000381
0.000322
0.000304
0.000212
0.000094
0.000012
-0.000083
-0.000239
-0.000398
-0.000402
-0.000339
-0.000331
-0.000219
0.000083
0.000156
0.000316
0.000355
0.000404
0.000375
0.000316
0.000222
0.000135
-0.000101
-0.000135
-0.000318
-0.000417
-0.000527
-0.000334
-0.000246
-0.000092
0.000046
0.000131
0.000131
0.000312
0.000349
0.000313
0.000189
0.000108
-0.000029
-0.000010
-0.000168
-0.000137
-0.000116
-0.000120
0.000006
-0.000017
0.000057
0.000024
-0.000106
-0.000125
-0.000024
-0.000096
-0.000086
-0.000063
-0.000055
-0.000003
0.000181
0.000299
0.000219
0.000266
0.000124
-0.000040
-0.000164
-0.000111
-0.000153
-0.000234
-0.000225
-0.000105
0.000077
0.000181
0.000177
0.000167
0.000164
0.000066
0.000014
-0.000150
-0.000257
-0.000352
-0.000441
-0.000229
-0.000024
0.000241
0.000290
0.000451
0.000472
0.000480
0.000397
0.000137
-0.000166
-0.000274
-0.000416
-0.000490
-0.000548
-0.000506
-0.000330
-0.000209
0.000009
0.000330
0.000497
0.000577
0.000525
0.000314
0.000142
0.000127
-0.000025
-0.000174
-0.000238
-0.000183
-0.000228
-0.000338
-0.000256
-0.000195
-0.000104
0.000041
0.000270
0.000249
0.000185
-0.000036
-0.000030
0.000003
0.000075
0.000081
0.000037
0.000021
-0.000081
-0.000077
-0.000039
-0.000007
0.000039
0.000185
0.000161
0.000064
-0.000010
-0.000147
-0.000245
-0.000229
-0.000157
0.000046
0.000053
-0.000041
-0.000067
-0.000040
0.000081
0.000214
0.000202
0.000150
-0.000031
0.000006
-0.000065
-0.000098
0.000022
0.000108
0.000082
0.000134
0.000133
0.000023
-0.000055
-0.000183
-0.000252
-0.000378
-0.000321
-0.000219
-0.000218
-0.000185
0.000126
0.000279
0.000567
0.000670
0.000565
0.000371
0.000127
0.000020
-0.000201
-0.000340
-0.000565
-0.000630
-0.000494
-0.000386
-0.000204
0.000056
0.000302
0.000389
0.000534
0.000351
0.000228
0.000153
0.000021
-0.000107
-0.000161
-0.000333
-0.000169
-0.000025
-0.000084
-0.000057
0.000108
0.000179
0.000244
0.000110
-0.000003
-0.000090
-0.000134
-0.000152
-0.000202
-0.000100
-0.000144
-0.000088
-0.000017
0.000122
0.000072
0.000116
0.000236
0.000265
0.000112
0.000019
0.000050
0.000095
0.000019
-0.000071
-0.000142
-0.000193
-0.000115
-0.000117
-0.000174
-0.000124
-0.000083
0.000024
0.000069
-0.000048
0.000006
-0.000027
0.000172
0.000075
0.000131
0.000207
0.000141
0.000246
0.000045
0.000135
0.000134
-0.000002
-0.000192
-0.000188
-0.000332
-0.000406
-0.000407
-0.000375
-0.000150
-0.000027
0.000077
0.000404
0.000607
0.000414
0.000314
0.000263
0.000239
-0.000043
-0.000143
-0.000333
-0.000404
-0.000315
-0.000256
-0.000231
-0.000034
0.000114
0.000315
0.000280
0.000300
0.000163
-0.000077
-0.000205
-0.000385
-0.000255
-0.000105
0.000035
0.000007
0.000021
0.000096
0.000263
0.000312
0.000309
0.000270
0.000140
-0.000051
-0.000231
-0.000269
-0.000308
-0.000375
-0.000193
-0.000054
0.000160
0.000086
-0.000085
-0.000058
-0.000043
0.000142
0.000099
0.000193
0.000193
-0.000037
0.000058
0.000001
0.000103
0.000162
0.000274
0.000024
-0.000067
-0.000115
-0.000183
-0.000327
-0.000259
-0.000158
-0.000211
-0.000106
0.000002
-0.000120
-0.000013
0.000152
0.000225
0.000419
0.000354
0.000326
0.000138
0.000046
0.000078
-0.000035
-0.000101
-0.000274
-0.000341
-0.000333
-0.000359
-0.000203
-0.000151
0.000080
0.000170
0.000332
0.000304
0.000151
0.000104
0.000042
0.000025
-0.000034
-0.000103
-0.000206
-0.000143
-0.000146
-0.000009
0.000183
0.000227
0.000271
0.000255
0.000042
-0.000073
-0.000099
-0.000135
-0.000301
-0.000350
-0.000195
-0.000141
-0.000070
0.000022
0.000106
0.000079
0.000137
0.000325
0.000207
0.000151
0.000039
0.000020
0.000032
0.000149
0.000034
0.000022
-0.000024
-0.000127
-0.000067
-0.000199
-0.000319
-0.000284
-0.000301
-0.000256
-0.000146
-0.000005
0.000253
0.000326
0.000308
0.000320
0.000382
0.000323
0.000224
0.000092
-0.000197
-0.000109
-0.000267
-0.000292
-0.000309
-0.000284
-0.000114
-0.000182
-0.000021
0.000061
0.000085
0.000066
0.000181
0.000136
0.000117
0.000134
0.000119
0.000159
-0.000013
-0.000068
-0.000061
-0.000075
-0.000152
-0.000144
-0.000084
-0.000017
0.000133
0.000137
0.000249
0.000107
-0.000020
0.000005
0.000004
-0.000211
-0.000217
-0.000217
-0.000254
-0.000325
-0.000238
-0.000064
0.000222
0.000395
0.000422
0.000465
0.000351
0.000254
0.000224
-0.000045
-0.000151
-0.000126
-0.000212
-0.000308
-0.000381
-0.000571
-0.000437
-0.000181
0.000008
0.000119
0.000162
0.000210
0.000306
0.000263
0.000331
0.000387
0.000338
0.000251
-0.000029
-0.000081
-0.000270
-0.000428
-0.000385
-0.000274
-0.000229
-0.000125
0.000016
0.000113
0.000135
0.000027
0.000212
0.000307
0.000162
0.000016
-0.000183
-0.000288
-0.000192
0.000050
0.000063
0.000041
0.000127
0.000092
0.000194
0.000104
0.000140
0.000081
-0.000036
-0.000179
-0.000092
-0.000141
-0.000145
-0.000163
-0.000028
-0.000092
0.000087
0.000020
-0.000082
-0.000210
-0.000187
-0.000072
0.000096
0.000211
0.000346
0.000261
0.000226
0.000331
0.000346
0.000266
0.000038
-0.000178
-0.000329
-0.000485
-0.000556
-0.000555
-0.000439
-0.000241
-0.000058
0.000094
0.000347
0.000465
0.000498
0.000356
0.000279
0.000264
0.000265
-0.000040
-0.000213
-0.000199
-0.000264
-0.000297
-0.000269
-0.000133
-0.000072
-0.000009
0.000053
0.000130
0.000156
0.000075
-0.000001
0.000048
-0.000028
-0.000058
-0.000066
-0.000208
-0.000086
-0.000028
0.000003
0.000009
0.000213
0.000327
0.000313
0.000218
0.000151
-0.000018
-0.000049
-0.000134
-0.000240
-0.000364
-0.000173
-0.000290
-0.000230
-0.000057
0.000100
0.000212
0.000156
0.000063
0.000128
0.000013
-0.000103
-0.000067
0.000035
0.000126
0.000054
0.000175
0.000219
0.000305
0.000231
0.000148
0.000046
-0.000090
-0.000273
-0.000521
-0.000695
-0.000601
-0.000309
-0.000143
0.000077
0.000240
0.000379
0.000427
0.000499
0.000408
0.000404
0.000227
0.000074
-0.000029
-0.000305
-0.000438
-0.000367
-0.000301
-0.000137
0.000058
0.000011
-0.000017
0.000029
0.000027
0.000035
0.000010
0.000089
0.000064
0.000062
-0.000005
-0.000086
-0.000081
0.000055
-0.000021
-0.000021
0.000081
0.000067
0.000121
0.000184
-0.000017
0.000041
0.000170
0.000102
0.000035
-0.000075
-0.000164
-0.000231
-0.000204
-0.000227
-0.000257
-0.000249
-0.000143
0.000073
0.000105
0.000093
0.000190
0.000175
0.000240
0.000197
0.000278
0.000260
0.000263
0.000162
0.000015
-0.000104
-0.000207
-0.000208
-0.000354
-0.000428
-0.000319
-0.000436
-0.000287
-0.000078
-0.000078
0.000118
0.000477
0.000540
0.000441
0.000349
0.000256
0.000136
0.000045
-0.000038
-0.000265
-0.000265
-0.000302
-0.000227
-0.000149
-0.000071
-0.000010
0.000034
0.000180
0.000114
-0.000051
0.000051
-0.000016
-0.000045
0.000006
0.000019
-0.000056
-0.000036
-0.000146
-0.000081
-0.000048
0.000012
0.000184
0.000136
0.000090
0.000067
0.000212
0.000388
0.000322
0.000127
0.000011
-0.000171
-0.000293
-0.000392
-0.000625
-0.000465
-0.000373
-0.000301
-0.000104
0.000207
0.000333
0.000331
0.000540
0.000566
0.000433
0.000316
0.000076
-0.000072
-0.000182
-0.000274
-0.000249
-0.000245
-0.000174
-0.000171
-0.000089
-0.000076
-0.000044
-0.000010
0.000127
-0.000117
-0.000150
-0.000148
0.000026
0.000120
0.000043
0.000304
0.000240
0.000201
0.000124
0.000079
0.000192
0.000047
-0.000074
-0.000034
-0.000114
-0.000233
-0.000328
-0.000190
-0.000094
-0.000032
-0.000015
0.000087
0.000041
0.000221
0.000001
-0.000097
0.000055
0.000053
0.000031
-0.000044
-0.000209
-0.000174
-0.000151
0.000055
0.000188
0.000244
0.000309
0.000489
0.000361
0.000284
0.000027
-0.000115
-0.000331
-0.000434
-0.000566
-0.000496
-0.000486
-0.000463
-0.000219
0.000051
0.000228
0.000409
0.000658
0.000645
0.000453
0.000273
0.000147
0.000072
-0.000193
-0.000227
-0.000195
-0.000148
-0.000077
-0.000217
-0.000178
-0.000284
-0.000099
0.000031
-0.000057
-0.000048
-0.000060
-0.000108
-0.000034
0.000146
0.000294
0.000199
0.000238
0.000245
0.000044
0.000013
-0.000119
-0.000112
-0.000127
-0.000125
-0.000012
0.000070
-0.000008
0.000093
-0.000027
0.000140
0.000219
0.000102
-0.000069
-0.000255
-0.000445
-0.000276
-0.000121
-0.000103
-0.000126
0.000034
-0.000068
0.000076
0.000161
0.000293
0.000302
0.000410
0.000337
0.000257
0.000150
0.000083
-0.000048
-0.000148
-0.000215
-0.000250
-0.000311
-0.000521
-0.000434
-0.000467
-0.000330
0.000010
0.000261
0.000297
0.000250
0.000395
0.000294
0.000330
0.000312
0.000221
0.000079
-0.000003
-0.000097
-0.000196
-0.000194
-0.000204
-0.000189
-0.000140
-0.000065
-0.000115
-0.000059
-0.000056
0.000021
0.000066
0.000037
0.000139
0.000010
0.000041
0.000008
-0.000106
-0.000095
-0.000038
-0.000062
0.000001
0.000043
0.000158
0.000197
0.000330
0.000265
0.000181
0.000145
0.000004
-0.000165
-0.000273
-0.000221
-0.000281
-0.000381
-0.000249
-0.000063
0.000086
-0.000074
0.000037
0.000110
0.000002
-0.000027
0.000050
0.000054
0.000037
0.000181
0.000177
0.000267
0.000401
0.000422
0.000295
0.000233
-0.000025
-0.000205
-0.000420
-0.000615
-0.000750
-0.000689
-0.000391
-0.000135
0.000042
0.000184
0.000266
0.000383
0.000485
0.000557
0.000575
0.000328
0.000006
-0.000181
-0.000275
-0.000326
-0.000290
-0.000253
-0.000086
-0.000027
0.000001
0.000084
0.000175
0.000090
0.000034
0.000114
0.000229
0.000108
-0.000106
-0.000328
-0.000382
-0.000399
-0.000244
-0.000082
0.000006
-0.000023
0.000084
0.000306
0.000345
0.000453
0.000378
0.000397
0.000255
0.000118
-0.000066
-0.000202
-0.000196
-0.000411
-0.000392
-0.000330
-0.000232
-0.000101
-0.000136
-0.000154
-0.000129
-0.000054
0.000135
0.000146
0.000087
0.000193
0.000306
0.000349
0.000279
0.000251
0.000203
0.000119
0.000089
-0.000022
-0.000264
-0.000195
-0.000372
-0.000266
-0.000226
-0.000150
-0.000119
-0.000043
-0.000033
-0.000013
-0.000028
-0.000088
0.000153
0.000178
0.000184
0.000126
0.000121
0.000144
0.000108
0.000123
0.000053
-0.000020
-0.000053
-0.000198
-0.000237
-0.000235
0.000033
0.000162
0.000284
0.000280
0.000228
0.000114
-0.000045
-0.000248
-0.000324
-0.000353
-0.000450
-0.000417
-0.000418
-0.000315
-0.000074
0.000243
0.000570
0.000626
0.000747
0.000630
0.000411
0.000180
0.000129
-0.000158
-0.000227
-0.000346
-0.000435
-0.000460
-0.000384
-0.000358
-0.000283
-0.000127
-0.000019
0.000112
0.000173
0.000043
0.000115
0.000154
0.000203
0.000337
0.000175
0.000127
0.000001
0.000040
0.000023
0.000115
0.000035
-0.000059
-0.000098
-0.000099
-0.000069
-0.000047
-0.000101
-0.000123
-0.000017
-0.000102
-0.000186
-0.000010
0.000010
-0.000048
-0.000032
0.000077
0.000178
-0.000046
-0.000082
-0.000134
-0.000118
-0.000102
0.000142
0.000196
0.000184
0.000281
0.000335
0.000312
0.000303
0.000183
0.000049
-0.000162
-0.000219
-0.000396
-0.000417
-0.000498
-0.000513
-0.000421
-0.000138
-0.000071
0.000181
0.000131
0.000240
0.000288
0.000250
0.000233
0.000377
0.000342
0.000293
0.000328
0.000175
0.000062
-0.000194
-0.000337
-0.000306
-0.000266
-0.000343
-0.000477
-0.000257
-0.000105
-0.000191
0.000003
0.000354
0.000335
0.000314
0.000222
0.000026
-0.000044
-0.000155
-0.000160
-0.000152
-0.000095
0.000015
0.000118
0.000143
0.000208
0.000214
0.000233
0.000226
0.000088
0.000025
-0.000080
-0.000188
-0.000268
-0.000112
-0.000160
-0.000145
-0.000143
-0.000126
-0.000185
-0.000201
-0.000189
-0.000123
0.000033
0.000033
0.000025
0.000144
0.000295
0.000495
0.000490
0.000397
0.000301
0.000324
0.000091
-0.000062
-0.000148
-0.000229
-0.000436
-0.000551
-0.000478
-0.000374
-0.000340
-0.000234
-0.000148
-0.000085
0.000205
0.000294
0.000440
0.000386
0.000339
0.000301
0.000250
0.000093
-0.000054
-0.000153
-0.000278
-0.000195
-0.000024
-0.000003
-0.000047
-0.000012
0.000092
0.000090
0.000125
0.000211
0.000027
-0.000150
-0.000270
-0.000312
-0.000253
-0.000203
-0.000057
-0.000010
-0.000070
0.000032
0.000022
0.000040
0.000032
0.000090
0.000175
0.000262
0.000234
0.000340
0.000241
0.000257
0.000229
0.000227
0.000116
-0.000250
-0.000290
-0.000476
-0.000529
-0.000472
-0.000387
-0.000326
-0.000218
-0.000092
0.000104
0.000171
0.000248
0.000324
0.000244
0.000280
0.000276
0.000197
0.000156
0.000210
0.000282
0.000222
0.000080
-0.000116
-0.000271
-0.000378
-0.000336
-0.000321
-0.000331
-0.000214
-0.000096
-0.000023
0.000037
0.000091
0.000333
0.000292
0.000260
0.000004
-0.000002
-0.000251
-0.000300
-0.000176
-0.000253
-0.000049
0.000065
0.000220
0.000366
0.000215
0.000284
0.000449
0.000322
0.000153
0.000103
-0.000012
-0.000184
-0.000237
-0.000445
-0.000530
-0.000494
-0.000354
-0.000360
-0.000146
-0.000119
-0.000024
0.000119
0.000254
0.000430
0.000321
0.000278
0.000427
0.000386
0.000181
0.000143
0.000015
0.000018
-0.000051
-0.000024
0.000017
-0.000175
-0.000150
-0.000385
-0.000384
-0.000391
-0.000264
-0.000152
-0.000143
-0.000144
0.000034
0.000263
0.000338
0.000248
0.000287
0.000264
0.000173
-0.000044
-0.000120
-0.000114
-0.000109
-0.000106
0.000024
0.000161
0.000028
0.000215
0.000100
0.000100
0.000181
0.000085
-0.000069
-0.000091
-0.000200
-0.000275
-0.000197
-0.000157
-0.000225
-0.000181
-0.000300
-0.000243
-0.000183
-0.000158
-0.000023
0.000087
0.000339
0.000485
0.000670
0.000575
0.000517
0.000466
0.000364
0.000078
-0.000170
-0.000394
-0.000542
-0.000587
-0.000508
-0.000508
-0.000335
-0.000215
-0.000128
0.000084
0.000178
0.000225
0.000259
0.000101
0.000148
-0.000048
0.000096
0.000089
0.000218
0.000130
0.000150
0.000128
0.000027
-0.000019
0.000040
0.000040
-0.000033
-0.000015
-0.000064
-0.000046
-0.000082
-0.000103
-0.000068
-0.000090
0.000005
-0.000050
-0.000086
-0.000190
-0.000149
-0.000145
-0.000167
-0.000079
-0.000053
-0.000046
-0.000068
0.000016
0.000113
0.000287
0.000392
0.000438
0.000407
0.000373
0.000283
0.000325
0.000253
0.000001
-0.000285
-0.000546
-0.000577
-0.000577
-0.000453
-0.000488
-0.000310
-0.000165
-0.000073
0.000030
0.000108
0.000172
0.000302
0.000372
0.000387
0.000418
0.000323
0.000190
0.000148
0.000049
0.000036
0.000098
-0.000026
-0.000367
-0.000342
-0.000315
-0.000235
-0.000163
0.000068
0.000172
0.000193
0.000152
0.000149
0.000113
-0.000154
-0.000283
-0.000342
-0.000229
-0.000314
-0.000314
-0.000169
0.000041
0.000178
0.000268
0.000354
0.000402
0.000406
0.000336
0.000187
0.000112
0.000171
0.000034
-0.000097
0.000034
0.000016
-0.000034
-0.000098
-0.000299
-0.000393
-0.000513
-0.000416
-0.000355
-0.000440
-0.000261
-0.000094
0.000039
0.000175
0.000298
0.000550
0.000460
0.000453
0.000438
0.000378
0.000145
0.000082
0.000025
-0.000011
-0.000041
-0.000258
-0.000283
-0.000273
-0.000295
-0.000321
-0.000111
-0.000095
-0.000051
0.000050
0.000044
0.000044
0.000047
0.000046
0.000076
0.000050
-0.000054
-0.000114
-0.000260
-0.000234
0.000012
0.000034
0.000074
0.000202
0.000226
0.000263
0.000276
0.000379
0.000307
0.000261
0.000240
0.000110
0.000078
-0.000185
-0.000209
-0.000447
-0.000576
-0.000670
-0.000570
-0.000484
-0.000280
-0.000181
-0.000093
0.000176
0.000375
0.000475
0.000495
0.000434
0.000329
0.000389
0.000353
-0.000006
-0.000089
-0.000001
-0.000040
0.000085
0.000097
0.000007
-0.000160
-0.000169
-0.000285
-0.000339
-0.000348
-0.000255
-0.000249
-0.000119
-0.000077
0.000037
0.000219
0.000142
0.000220
0.000176
0.000052
-0.000038
-0.000095
-0.000129
-0.000186
0.000011
0.000135
0.000190
0.000097
0.000236
0.000259
0.000288
0.000327
0.000282
0.000075
-0.000056
-0.000158
-0.000097
-0.000177
-0.000162
-0.000232
-0.000321
-0.000516
-0.000561
-0.000531
-0.000423
-0.000263
-0.000106
0.000273
0.000285
0.000491
0.000619
0.000545
0.000585
0.000601
0.000481
0.000366
0.000038
-0.000253
-0.000393
-0.000385
-0.000411
-0.000351
-0.000299
-0.000123
-0.000126
-0.000218
-0.000095
0.000037
0.000177
0.000066
-0.000010
0.000027
0.000019
-0.000119
-0.000070
-0.000090
-0.000150
-0.000162
0.000090
0.000190
0.000214
0.000282
0.000268
0.000185
0.000218
0.000223
0.000228
0.000039
-0.000012
-0.000108
-0.000023
-0.000078
0.000021
-0.000124
-0.000059
-0.000146
-0.000220
-0.000335
-0.000395
-0.000542
-0.000546
-0.000357
-0.000172
0.000042
0.000145
0.000257
0.000401
0.000561
0.000632
0.000640
0.000640
0.000386
0.000125
0.000002
-0.000011
-0.000131
-0.000215
-0.000252
-0.000332
-0.000454
-0.000471
-0.000415
-0.000418
-0.000352
-0.000053
0.000236
0.000209
0.000267
0.000234
0.000217
0.000208
0.000123
-0.000007
-0.000218
-0.000254
-0.000327
-0.000282
-0.000199
0.000098
0.000263
0.000423
0.000578
0.000593
0.000494
0.000385
0.000149
-0.000088
-0.000188
-0.000231
-0.000382
-0.000380
-0.000333
-0.000399
-0.000373
-0.000260
-0.000264
-0.000137
-0.000171
-0.000054
-0.000087
-0.000030
0.000068
0.000063
0.000282
0.000356
0.000402
0.000500
0.000425
0.000449
0.000437
0.000133
0.000182
0.000098
-0.000081
-0.000177
-0.000380
-0.000529
-0.000492
-0.000510
-0.000423
-0.000278
-0.000097
-0.000134
-0.000062
0.000175
0.000303
0.000436
0.000284
0.000122
0.000013
-0.000182
-0.000176
-0.000141
-0.000113
-0.000021
-0.000013
0.000005
0.000163
0.000219
0.000194
0.000365
0.000430
0.000508
0.000368
0.000292
-0.000004
-0.000184
-0.000274
-0.000255
-0.000326
-0.000516
-0.000671
-0.000743
-0.000674
-0.000551
-0.000143
0.000079
0.000182
0.000353
0.000568
0.000580
0.000354
0.000337
0.000241
0.000255
0.000292
0.000049
0.000103
0.000131
0.000083
0.000082
0.000042
0.000072
-0.000120
-0.000255
-0.000379
-0.000415
-0.000487
-0.000398
-0.000257
-0.000157
-0.000078
0.000034
0.000401
0.000251
0.000127
-0.000065
-0.000049
0.000033
-0.000075
-0.000098
-0.000046
-0.000103
-0.000003
0.000102
0.000271
0.000259
0.000305
0.000394
0.000287
0.000239
0.000237
0.000150
0.000163
0.000117
0.000009
-0.000168
-0.000375
-0.000469
-0.000682
-0.000651
-0.000725
-0.000481
-0.000339
-0.000204
-0.000086
-0.000033
0.000202
0.000473
0.000678
0.000700
0.000599
0.000517
0.000314
0.000185
0.000113
0.000167
0.000000
-0.000103
-0.000320
-0.000228
-0.000218
-0.000264
-0.000279
-0.000094
-0.000045
0.000015
0.000069
0.000051
-0.000061
-0.000129
-0.000214
-0.000176
-0.000242
-0.000082
-0.000118
-0.000235
-0.000088
0.000053
0.000082
0.000128
0.000148
0.000124
0.000164
0.000288
0.000298
0.000283
0.000308
0.000269
0.000396
0.000374
0.000300
0.000075
-0.000072
-0.000188
-0.000361
-0.000476
-0.000483
-0.000542
-0.000494
-0.000473
-0.000395
-0.000265
-0.000222
-0.000046
-0.000089
-0.000039
0.000161
0.000336
0.000325
0.000501
0.000711
0.000718
0.000575
0.000454
0.000183
-0.000074
-0.000257
-0.000196
-0.000389
-0.000425
-0.000430
-0.000289
-0.000151
0.000099
0.000146
0.000406
0.000343
0.000274
-0.000038
-0.000212
-0.000375
-0.000502
-0.000316
-0.000446
-0.000412
-0.000291
-0.000215
-0.000066
0.000054
0.000108
0.000232
0.000507
0.000495
0.000443
0.000498
0.000486
0.000442
0.000367
0.000194
0.000162
0.000064
-0.000088
-0.000278
-0.000296
-0.000337
-0.000388
-0.000362
-0.000390
-0.000464
-0.000446
-0.000217
-0.000217
-0.000294
-0.000234
-0.000163
0.000023
0.000197
0.000419
0.000481
0.000452
0.000351
0.000357
0.000372
0.000327
0.000115
0.000013
0.000024
-0.000111
-0.000189
-0.000214
-0.000188
0.000013
-0.000022
0.000059
0.000112
0.000168
0.000090
0.000030
0.000179
0.000065
-0.000135
-0.000228
-0.000560
-0.000742
-0.000635
-0.000631
-0.000526
-0.000309
-0.000058
0.000116
0.000321
0.000590
0.000679
0.000723
0.000714
0.000604
0.000560
0.000327
0.000132
-0.000072
0.000006
0.000007
-0.000059
-0.000197
-0.000223
-0.000328
-0.000401
-0.000405
-0.000577
-0.000499
-0.000326
-0.000272
-0.000171
0.000066
0.000145
0.000167
0.000158
0.000046
0.000094
0.000046
0.000066
0.000158
-0.000031
0.000051
0.000102
0.000131
0.000232
0.000329
0.000226
0.000238
0.000245
0.000064
-0.000054
-0.000043
0.000126
0.000249
0.000108
0.000116
0.000024
-0.000057
-0.000161
-0.000292
-0.000545
-0.000681
-0.000568
-0.000544
-0.000566
-0.000526
-0.000339
-0.000149
0.000111
0.000328
0.000344
0.000550
0.000592
0.000667
0.000636
0.000739
0.000562
0.000357
0.000248
0.000007
-0.000127
-0.000207
-0.000291
-0.000408
-0.000435
-0.000456
-0.000350
-0.000208
-0.000048
-0.000032
0.000043
0.000045
0.000043
0.000010
-0.000025
-0.000081
-0.000313
-0.000294
-0.000104
-0.000218
-0.000238
-0.000171
-0.000050
-0.000020
-0.000017
0.000212
0.000477
0.000556
0.000549
0.000633
0.000523
0.000319
0.000227
0.000121
0.000080
0.000087
-0.000112
-0.000137
-0.000194
-0.000150
-0.000320
-0.000377
-0.000364
-0.000300
-0.000443
-0.000569
-0.000832
-0.000698
-0.000509
-0.000155
0.000074
0.000379
0.000513
0.000684
0.000638
0.000538
0.000609
0.000522
0.000298
0.000118
-0.000046
-0.000097
-0.000167
-0.000210
-0.000112
-0.000006
0.000022
0.000111
-0.000038
-0.000040
-0.000009
0.000018
0.000136
0.000231
0.000027
-0.000093
-0.000247
-0.000328
-0.000385
-0.000558
-0.000650
-0.000654
-0.000507
-0.000354
-0.000273
0.000002
0.000257
0.000375
0.000560
0.000616
0.000731
0.000745
0.000509
0.000399
0.000302
0.000252
0.000287
0.000131
0.000136
0.000015
-0.000188
-0.000174
-0.000405
-0.000454
-0.000564
-0.000487
-0.000353
-0.000294
-0.000368
-0.000332
-0.000288
-0.000142
-0.000084
0.000094
0.000134
0.000235
0.000176
0.000091
0.000086
0.000059
0.000176
0.000191
0.000197
0.000036
0.000014
0.000033
0.000105
0.000175
0.000290
0.000324
0.000356
0.000322
0.000286
0.000340
0.000260
0.000051
0.000000
-0.000111
-0.000239
-0.000303
-0.000544
-0.000612
-0.000704
-0.000738
-0.000737
-0.000711
-0.000703
-0.000426
-0.000095
0.000206
0.000450
0.000686
0.000862
0.000704
0.000692
0.000722
0.000410
0.000287
0.000115
-0.000108
-0.000114
-0.000080
-0.000024
-0.000058
-0.000049
0.000062
0.000119
0.000092
-0.000043
-0.000074
-0.000236
-0.000295
-0.000196
-0.000130
-0.000194
-0.000193
-0.000225
-0.000222
-0.000160
-0.000378
-0.000383
-0.000413
-0.000290
-0.000120
0.000067
0.000036
0.000130
0.000196
0.000125
0.000316
0.000434
0.000494
0.000510
0.000361
0.000456
0.000635
0.000562
0.000559
0.000436
0.000244
0.000073
-0.000255
-0.000398
-0.000709
-0.000809
-0.000873
-0.000880
-0.000704
-0.000561
-0.000301
-0.000160
0.000020
0.000106
0.000180
0.000307
0.000211
0.000292
0.000275
0.000045
0.000126
0.000114
-0.000086
-0.000013
0.000018
0.000010
0.000027
0.000199
0.000295
0.000300
0.000284
0.000349
0.000514
0.000522
0.000445
0.000248
0.000135
-0.000086
-0.000181
-0.000175
-0.000248
-0.000433
-0.000556
-0.000695
-0.000768
-0.000837
-0.000665
-0.000449
-0.000302
-0.000243
-0.000107
0.000073
0.000166
0.000271
0.000442
0.000469
0.000462
0.000529
0.000456
0.000277
0.000283
0.000340
0.000541
0.000530
0.000450
0.000170
0.000032
-0.000032
-0.000202
-0.000484
-0.000516
-0.000335
-0.000297
-0.000276
-0.000041
-0.000047
-0.000003
0.000068
0.000026
0.000003
-0.000155
-0.000290
-0.000271
-0.000423
-0.000506
-0.000541
-0.000470
-0.000334
-0.000235
-0.000035
-0.000031
0.000195
0.000263
0.000499
0.000601
0.000778
0.000994
0.001041
0.000948
0.000651
0.000546
0.000190
-0.000086
-0.000260
-0.000466
-0.000545
-0.000564
-0.000612
-0.000568
-0.000466
-0.000174
-0.000254
-0.000172
-0.000232
-0.000305
-0.000338
-0.000315
-0.000108
-0.000077
-0.000006
-0.000085
-0.000011
0.000072
0.000149
0.000211
0.000223
0.000129
0.000136
0.000158
0.000157
0.000099
0.000145
0.000346
0.000387
0.000453
0.000459
0.000382
0.000283
0.000407
0.000304
0.000218
0.000252
0.000181
-0.000173
-0.000326
-0.000500
-0.000597
-0.000690
-0.000794
-0.000866
-0.000640
-0.000679
-0.000660
-0.000445
-0.000394
-0.000203
0.000021
0.000262
0.000392
0.000624
0.000580
0.000749
0.000758
0.000574
0.000501
0.000340
0.000292
0.000064
-0.000102
-0.000237
-0.000303
-0.000108
0.000116
0.000232
0.000200
0.000330
0.000340
0.000352
0.000081
-0.000004
-0.000078
-0.000075
-0.000309
-0.000539
-0.000566
-0.000449
-0.000631
-0.000638
-0.000512
-0.000510
-0.000574
-0.000518
-0.000372
-0.000229
0.000003
0.000290
0.000331
0.000504
0.000502
0.000513
0.000589
0.000653
0.000521
0.000378
0.000486
0.000674
0.000603
0.000504
0.000435
0.000140
0.000011
-0.000176
-0.000305
-0.000544
-0.000667
-0.000642
-0.000613
-0.000520
-0.000328
-0.000205
-0.000140
0.000034
0.000155
0.000221
-0.000000
-0.000209
-0.000432
-0.000440
-0.000380
-0.000290
-0.000218
-0.000257
-0.000230
-0.000295
-0.000161
0.000096
0.000284
0.000468
0.000574
0.000741
0.000766
0.000913
0.000845
0.000822
0.000724
0.000613
0.000401
0.000159
-0.000045
-0.000255
-0.000470
-0.000559
-0.000675
-0.000683
-0.000647
-0.000636
-0.000585
-0.000523
-0.000341
-0.000351
-0.000223
-0.000094
-0.000116
-0.000124
-0.000043
-0.000078
0.000007
-0.000053
-0.000133
0.000059
0.000090
0.000246
0.000397
0.000296
0.000280
0.000319
0.000346
0.000241
0.000239
0.000240
0.000303
0.000292
0.000344
0.000532
0.000560
0.000648
0.000450
0.000285
0.000111
0.000024
-0.000217
-0.000384
-0.000510
-0.000633
-0.000704
-0.000911
-0.001035
-0.001022
-0.000927
-0.000725
-0.000618
-0.000300
-0.000173
-0.000090
0.000222
0.000468
0.000795
0.000840
0.000721
0.000533
0.000428
0.000198
0.000026
0.000040
-0.000007
0.000080
0.000207
0.000305
0.000289
0.000389
0.000310
0.000408
0.000369
0.000270
0.000217
0.000126
0.000131
0.000073
0.000029
-0.000165
-0.000161
-0.000242
-0.000387
-0.000661
-0.000818
-0.000863
-0.000896
-0.000821
-0.000651
-0.000630
-0.000445
-0.000277
-0.000117
-0.000126
-0.000010
0.000189
0.000309
0.000345
0.000513
0.000611
0.000641
0.000768
0.000737
0.000738
0.000709
0.000765
0.000597
0.000290
0.000080
-0.000106
-0.000160
-0.000098
-0.000223
-0.000242
-0.000238
-0.000275
-0.000208
-0.000050
-0.000079
0.000055
0.000074
0.000143
-0.000029
-0.000214
-0.000358
-0.000555
-0.000816
-0.000784
-0.000920
-0.000860
-0.000844
-0.000613
-0.000390
-0.000279
-0.000115
0.000194
0.000332
0.000523
0.000736
0.000986
0.000955
0.000853
0.000803
0.000805
0.000739
0.000594
0.000459
0.000430
0.000191
0.000006
-0.000163
-0.000159
-0.000091
-0.000109
-0.000038
-0.000126
-0.000174
-0.000329
-0.000528
-0.000509
-0.000510
-0.000444
-0.000348
-0.000418
-0.000278
-0.000193
-0.000221
-0.000207
-0.000314
-0.000412
-0.000331
-0.000425
-0.000560
-0.000469
-0.000400
-0.000116
0.000137
0.000172
0.000264
0.000390
0.000463
0.000600
0.000802
0.000935
0.000733
0.000994
0.000976
0.000940
0.000919
0.000872
0.000542
0.000204
-0.000225
-0.000351
-0.000582
-0.000772
-0.000840
-0.000946
-0.000811
-0.000589
-0.000329
-0.000155
-0.000238
-0.000249
-0.000146
-0.000212
-0.000129
-0.000230
-0.000386
-0.000339
-0.000215
-0.000389
-0.000539
-0.000445
-0.000432
-0.000202
-0.000127
0.000004
0.000229
0.000308
0.000356
0.000463
0.000608
0.000848
0.000894
0.000860
0.000818
0.000700
0.000685
0.000700
0.000602
0.000627
0.000541
0.000306
0.000027
-0.000112
-0.000259
-0.000471
-0.000502
-0.000629
-0.000755
-0.000824
-0.000860
-0.000802
-0.000894
-0.000648
-0.000560
-0.000497
-0.000313
-0.000173
-0.000081
-0.000057
0.000020
0.000194
0.000142
-0.000037
-0.000090
-0.000150
-0.000156
-0.000317
-0.000127
-0.000006
0.000104
0.000248
0.000409
0.000740
0.000753
0.000706
0.000797
0.000963
0.001073
0.001108
0.001064
0.000870
0.000770
0.000356
0.000037
-0.000114
-0.000416
-0.000704
-0.000791
-0.000904
-0.000950
-0.000884
-0.000742
-0.000640
-0.000536
-0.000402
-0.000371
-0.000392
-0.000477
-0.000550
-0.000580
-0.000500
-0.000353
-0.000226
0.000007
0.000096
0.000135
0.000195
0.000190
0.000064
0.000022
0.000061
0.000184
0.000257
0.000325
0.000414
0.000475
0.000654
0.000646
0.000665
0.000796
0.000869
0.000927
0.000925
0.000729
0.000648
0.000525
0.000522
0.000375
0.000208
-0.000137
-0.000527
-0.000750
-0.001023
-0.001077
-0.000996
-0.001167
-0.001180
-0.000928
-0.000803
-0.000790
-0.000516
-0.000356
-0.000229
-0.000012
0.000054
-0.000074
0.000006
0.000071
0.000124
-0.000045
-0.000086
-0.000130
-0.000161
-0.000203
-0.000116
0.000065
0.000231
0.000567
0.000643
0.000622
0.000919
0.000918
0.001015
0.000996
0.001028
0.000895
0.000833
0.000816
0.000561
0.000456
0.000116
0.000062
-0.000058
-0.000217
-0.000347
-0.000497
-0.000556
-0.000615
-0.000811
-0.000908
-0.001010
-0.000986
-0.000971
-0.000970
-0.000954
-0.000856
-0.000635
-0.000472
-0.000204
-0.000080
0.000179
0.000202
0.000191
0.000068
-0.000052
-0.000177
-0.000174
-0.000050
0.000093
0.000081
0.000095
0.000230
0.000244
0.000497
0.000690
0.000820
0.000820
0.000815
0.000895
0.001156
0.001284
0.001337
0.001224
0.001034
0.000791
0.000433
0.000134
-0.000233
-0.000556
-0.000795
-0.000895
-0.000871
-0.000833
-0.000855
-0.000860
-0.000883
-0.000659
-0.000649
-0.000570
-0.000654
-0.000608
-0.000581
-0.000467
-0.000524
-0.000420
-0.000376
-0.000483
-0.000287
-0.000273
-0.000175
-0.000280
-0.000216
-0.000071
-0.000073
0.000097
0.000314
0.000441
0.000551
0.000569
0.000485
0.000565
0.000677
0.000872
0.001092
0.001143
0.001248
0.001320
0.001326
0.000969
0.000916
0.000774
0.000643
0.000349
0.000073
-0.000259
-0.000396
-0.000638
-0.000821
-0.001046
-0.001012
-0.000881
-0.000860
-0.000867
-0.000773
-0.000651
-0.000620
-0.000513
-0.000320
-0.000381
-0.000343
-0.000397
-0.000392
-0.000535
-0.000714
-0.000752
-0.000643
-0.000704
-0.000619
-0.000470
-0.000473
-0.000397
-0.000236
0.000109
0.000463
0.000725
0.000878
0.001152
0.001250
0.001298
0.001334
0.001359
0.001294
0.000993
0.000934
0.000822
0.000718
0.000704
0.000714
0.000674
0.000576
0.000390
0.000122
-0.000156
-0.000378
-0.000467
-0.000577
-0.000755
-0.000662
-0.000598
-0.000581
-0.000603
-0.000559
-0.000535
-0.000440
-0.000553
-0.000671
-0.000685
-0.000772
-0.000818
-0.000835
-0.000888
-0.000758
-0.000868
-0.000971
-0.001069
-0.000950
-0.000772
-0.000733
-0.000610
-0.000306
0.000091
0.000398
0.000914
0.001131
0.001255
0.001335
0.001362
0.001372
0.001435
0.001346
0.001155
0.001095
0.000934
0.000740
0.000612
0.000456
0.000469
0.000306
0.000238
0.000145
0.000221
0.000292
0.000195
0.000340
0.000339
0.000311
0.000134
-0.000154
-0.000312
-0.000447
-0.000631
-0.000689
-0.000740
-0.000993
-0.001115
-0.001041
-0.001187
-0.001192
-0.001225
-0.001266
-0.001365
-0.001292
-0.001162
-0.001125
-0.001132
-0.000906
-0.000723
-0.000434
-0.000135
-0.000002
0.000371
0.000613
0.000832
0.000865
0.000851
0.001105
0.001143
0.001109
0.001048
0.000968
0.000735
0.000692
0.000642
0.000669
0.000599
0.000703
0.000896
0.000931
0.000813
0.000667
0.000681
0.000905
0.000999
0.001152
0.001196
0.000862
0.000723
0.000376
0.000019
-0.000176
-0.000600
-0.000949
-0.001156
-0.001443
-0.001547
-0.001532
-0.001475
-0.001434
-0.001354
-0.001355
-0.001215
-0.001074
-0.001113
-0.001159
-0.001090
-0.000960
-0.000696
-0.000545
-0.000456
-0.000333
-0.000216
-0.000142
-0.000191
-0.000174
-0.000006
0.000021
0.000117
0.000279
0.000364
0.000561
0.000521
0.000690
0.000758
0.000872
0.000806
0.001019
0.001137
0.001272
0.001487
0.001811
0.001728
0.001820
0.001822
0.001721
0.001485
0.001159
0.000948
0.000766
0.000521
0.000211
-0.000037
-0.000339
-0.000605
-0.000677
-0.000880
-0.000945
-0.001030
-0.001067
-0.001072
-0.000940
-0.000739
-0.000672
-0.000724
-0.000646
-0.000781
-0.000875
-0.000886
-0.001077
-0.001449
-0.001489
-0.001601
-0.001625
-0.001597
-0.001461
-0.001381
-0.001247
-0.000936
-0.000818
-0.000659
-0.000424
-0.000235
0.000067
0.000469
0.000561
0.000593
0.000821
0.001044
0.001091
0.001355
0.001575
0.001637
0.001700
0.001612
0.001562
0.001522
0.001585
0.001423
0.001297
0.001076
0.001021
0.000955
0.000856
0.000949
0.000892
0.000833
0.000738
0.000586
0.000558
0.000535
0.000451
0.000434
0.000337
0.000414
0.000314
0.000066
-0.000237
-0.000585
-0.000978
-0.001341
-0.001755
-0.001838
-0.002120
-0.002261
-0.002256
-0.002275
-0.002105
-0.001931
-0.001818
-0.001559
-0.001351
-0.001192
-0.001105
-0.000932
-0.000796
-0.000829
-0.000572
-0.000428
-0.000154
-0.000207
-0.000386
-0.000427
-0.000484
-0.000318
-0.000070
0.000139
0.000361
0.000626
0.000835
0.001002
0.001035
0.001158
0.001368
0.001582
0.001717
0.001777
0.001896
0.002041
0.002252
0.002258
0.002168
0.002194
0.002200
0.001900
0.001618
0.001579
0.001402
0.001142
0.000798
0.000680
0.000400
0.000231
0.000055
-0.000174
-0.000505
-0.000665
-0.000772
-0.000824
-0.000857
-0.000727
-0.000638
-0.000585
-0.000652
-0.000867
-0.000897
-0.001207
-0.001361
-0.001538
-0.001827
-0.002156
-0.002488
-0.002476
-0.002569
-0.002591
-0.002603
-0.002505
-0.002286
-0.002104
-0.001786
-0.001617
-0.001263
-0.001056
-0.000706
-0.000404
-0.000311
-0.000071
0.000071
0.000184
0.000455
0.000661
0.000740
0.000884
0.000923
0.000973
0.000967
0.001066
0.001170
0.001415
0.001561
0.001634
0.001839
0.002043
0.002046
0.002218
0.002167
0.002194
0.002282
0.002287
0.002380
0.002431
0.002368
0.002327
0.002426
0.002315
0.002272
0.001975
0.001599
0.001246
0.000789
0.000358
0.000073
-0.000103
-0.000348
-0.000602
-0.001022
-0.001161
-0.001233
-0.001290
-0.001342
-0.001400
-0.001452
-0.001495
-0.001364
-0.001372
-0.001413
-0.001567
-0.001795
-0.001950
-0.002265
-0.002518
-0.002784
-0.003085
-0.003123
-0.003073
-0.002906
-0.002954
-0.002880
-0.002817
-0.002576
-0.002435
-0.002230
-0.001984
-0.001656
-0.001429
-0.000972
-0.000502
-0.000252
-0.000131
-0.000052
0.000294
0.000376
0.000499
0.000771
0.000907
0.001150
0.001281
0.001321
0.001598
0.001916
0.002061
0.002078
0.002212
0.002259
0.002293
0.002261
0.002400
0.002578
0.002885
0.003210
0.003355
0.003388
0.003668
0.003566
0.003627
0.003519
0.003445
0.003316
0.003090
0.002846
0.002490
0.001972
0.001624
0.001315
0.000966
0.000574
0.000479
0.000187
0.000026
-0.000128
-0.000295
-0.000491
-0.000651
-0.000724
-0.000683
-0.000752
-0.000855
-0.001158
-0.001445
-0.001772
-0.002047
-0.002418
-0.002701
-0.002976
-0.003414
-0.003851
-0.004054
-0.004025
-0.004110
-0.004138
-0.004073
-0.004123
-0.004184
-0.004172
-0.004087
-0.003969
-0.003851
-0.003689
-0.003436
-0.003205
-0.003156
-0.002758
-0.002524
-0.002364
-0.002102
-0.001901
-0.001654
-0.001586
-0.001316
-0.001030
-0.000793
-0.000657
-0.000469
-0.000290
-0.000043
-0.000030
0.000185
0.000458
0.000886
0.001370
0.001812
0.002178
0.002809
0.003270
0.003735
0.004039
0.004197
0.004451
0.004628
0.004897
0.005062
0.005166
0.005067
0.005069
0.005045
0.004795
0.004634
0.004547
0.004385
0.004350
0.004408
0.004523
0.004500
0.004720
0.004800
0.004768
0.004835
0.004691
0.004567
0.004180
0.003860
0.003641
0.003462
0.003081
0.002811
0.002405
0.002015
0.001664
0.001226
0.000797
0.000241
-0.000204
-0.000650
-0.001066
-0.001443
-0.001831
-0.002273
-0.002554
-0.002880
-0.003353
-0.003471
-0.003702
-0.004027
-0.004384
-0.004588
-0.004849
-0.004917
-0.005002
-0.005361
-0.005523
-0.005838
-0.006312
-0.006681
-0.006886
-0.007158
-0.007323
-0.007714
-0.008123
-0.008419
-0.008470
-0.008571
-0.008609
-0.008395
-0.008078
-0.007764
-0.007493
-0.007149
-0.006941
-0.006665
-0.006418
-0.006164
-0.005845
-0.005656
-0.005380
-0.005258
-0.005050
-0.004896
-0.004706
-0.004449
-0.004161
-0.003889
-0.003540
-0.003066
-0.002655
-0.002075
-0.001604
-0.001069
-0.000435
0.000231
0.000906
0.001483
0.002010
0.002485
0.003054
0.003722
0.004403
0.004959
0.005641
0.006341
0.006815
0.007118
0.007552
0.007940
0.008455
0.008935
0.009339
0.009639
0.010051
0.010527
0.010945
0.011164
0.011481
0.011855
0.012091
0.012674
0.013190
0.013700
0.014143
0.014767
0.015257
0.015700
0.016007
0.016084
0.016112
0.016092
0.016126
0.015976
0.015820
0.015555
0.015556
0.015533
0.015250
0.015121
0.014739
0.014519
0.014363
0.014065
0.014099
0.014081
0.013901
0.013591
0.013273
0.013220
0.012852
0.012433
0.012109
0.011465
0.010564
0.010036
0.009270
0.008622
0.007887
0.007096
0.006340
0.005568
0.004606
0.003665
0.002725
0.001858
0.000930
-0.000098
-0.001051
-0.002089
-0.003118
-0.004109
-0.005157
-0.006213
-0.007115
-0.008118
-0.009213
-0.010238
-0.011191
-0.012443
-0.013599
-0.014830
-0.016229
-0.017560
-0.019086
-0.020655
-0.022162
-0.023691
-0.025186
-0.026880
-0.028501
-0.030173
-0.031626
-0.033163
-0.034722
-0.036122
-0.037498
-0.038971
-0.040197
-0.041565
-0.042911
-0.044497
-0.046036
-0.047626
-0.049315
-0.051114
-0.052714
-0.054418
-0.056253
-0.058201
-0.060004
-0.061950
-0.063868
-0.065767
-0.067593
-0.069378
-0.071050
-0.072821
-0.074587
-0.076348
-0.078023
-0.079771
-0.081589
-0.083369
-0.085195
-0.086841
-0.088757
-0.090557
-0.092212
-0.094102
-0.095815
-0.097477
-0.099185
-0.101018
-0.103096
-0.105120
-0.107160
-0.109231
-0.111372
-0.113335
-0.115115
-0.116969
-0.118991
-0.121023
-0.123189
-0.125236
-0.127126
-0.128966
-0.130677
-0.132564
-0.134223
-0.135909
-0.137527
-0.139203
-0.140884
-0.142724
-0.144630
-0.146727
-0.148594
-0.150697
-0.152754
-0.155043
-0.157047
-0.159107
-0.161205
-0.163144
-0.165241
-0.167205
-0.169137
-0.171158
-0.173110
-0.174843
-0.176601
-0.178431
-0.180210
-0.181992
-0.183774
-0.185533
-0.187488
-0.189397
-0.191300
-0.193159
-0.194973
-0.196930
-0.198921
-0.200910
-0.202851
-0.204863
-0.206804
-0.208779
-0.210757
-0.212718
-0.214759
-0.216860
-0.218788
-0.220805
-0.222604
-0.224544
-0.226646
-0.228510
-0.230364
-0.232131
-0.233895
-0.235510
-0.237251
-0.239032
-0.240654
-0.242378
-0.244150
-0.246096
-0.247982
-0.249948
-0.251908
-0.254014
-0.255971
-0.257989
-0.260075
-0.262210
-0.264457
-0.266416
-0.268228
-0.270219
-0.272079
-0.273627
-0.275366
-0.277111
-0.278941
-0.280588
-0.282330
-0.284024
-0.285684
-0.287447
-0.289275
-0.291138
-0.292879
-0.294769
-0.296636
-0.298521
-0.300520
-0.302544
-0.304670
-0.306614
-0.308506
-0.310293
-0.312089
-0.313846
-0.315713
-0.317549
-0.319451
-0.321446
-0.323211
-0.325024
-0.326819
-0.328614
-0.330446
-0.332138
-0.333610
-0.335117
-0.336773
-0.338494
-0.340237
-0.341951
-0.343641
-0.345495
-0.347460
-0.349367
-0.351233
-0.352984
-0.354896
-0.356733
-0.358706
-0.360841
-0.362829
-0.364610
-0.366589
-0.368506
-0.370206
-0.371659
-0.373167
-0.374694
-0.376241
-0.377760
-0.379427
-0.381108
-0.382606
-0.384392
-0.385828
-0.387589
-0.389402
-0.391246
-0.393274
-0.394988
-0.396887
-0.398801
-0.400588
-0.402380
-0.404208
-0.405997
-0.407708
-0.409492
-0.411189
-0.412859
-0.414463
-0.416121
-0.417729
-0.419367
-0.421080
-0.422696
-0.424291
-0.425858
-0.427397
-0.428911
-0.430421
-0.432005
-0.433692
-0.435435
-0.437072
-0.438733
-0.440150
-0.441951
-0.443730
-0.445561
-0.447265
-0.449177
-0.451002
-0.452785
-0.454594
-0.456240
-0.457923
-0.459682
-0.461222
-0.462754
-0.464218
-0.465576
-0.467008
-0.468381
-0.469793
-0.471113
-0.472608
-0.473998
-0.475484
-0.477152
-0.478808
-0.480601
-0.482330
-0.483990
-0.485804
-0.487563
-0.489252
-0.490921
-0.492607
-0.494074
-0.495712
-0.497337
-0.498867
-0.500544
-0.502143
-0.503448
-0.504898
-0.506204
-0.507458
-0.508770
-0.510351
-0.511836
-0.513311
-0.514789
-0.516379
-0.517807
-0.519384
-0.520767
-0.522083
-0.523608
-0.525097
-0.526489
-0.528137
-0.529759
-0.531529
-0.533010
-0.534709
-0.536406
-0.538115
-0.539654
-0.540905
-0.542368
-0.543879
-0.545216
-0.546556
-0.547988
-0.549138
-0.550338
-0.551735
-0.552946
-0.554110
-0.555249
-0.556473
-0.557891
-0.559321
-0.560865
-0.562439
-0.563964
-0.565519
-0.567193
-0.568676
-0.570338
-0.571915
-0.573337
-0.574807
-0.576119
-0.577441
-0.578823
-0.580231
-0.581545
-0.582670
-0.583809
-0.584939
-0.585973
-0.587282
-0.588591
-0.590046
-0.591184
-0.592586
-0.593847
-0.595084
-0.596261
-0.597605
-0.598923
-0.600259
-0.601635
-0.603003
-0.604384
-0.605822
-0.607210
-0.608525
-0.609880
-0.611369
-0.612711
-0.613991
-0.615390
-0.616711
-0.617978
-0.619025
-0.620180
-0.621280
-0.622296
-0.623330
-0.624482
-0.625584
-0.626610
-0.627502
-0.628432
-0.629635
-0.630853
-0.632195
-0.633422
-0.634848
-0.636189
-0.637585
-0.638969
-0.640353
-0.641728
-0.643201
-0.644548
-0.645488
-0.646672
-0.647761
-0.648683
-0.649735
-0.650782
-0.651731
-0.652772
-0.653958
-0.654917
-0.655848
-0.656733
-0.657726
-0.658687
-0.659727
-0.660833
-0.662116
-0.663297
-0.664374
-0.665499
-0.666750
-0.667974
-0.668959
-0.670100
-0.671146
-0.672202
-0.673292
-0.674611
-0.675756
-0.676892
-0.678060
-0.679207
-0.680341
-0.681270
-0.682110
-0.682823
-0.683653
-0.684477
-0.685357
-0.686292
-0.687074
-0.687907
-0.688645
-0.689576
-0.690466
-0.691367
-0.692383
-0.693383
-0.694456
-0.695801
-0.697014
-0.698158
-0.699344
-0.700305
-0.701514
-0.702549
-0.703368
-0.704363
-0.705197
-0.706077
-0.707000
-0.707526
-0.708151
-0.708940
-0.709724
-0.710555
-0.711138
-0.711775
-0.712602
-0.713436
-0.714294
-0.715215
-0.716174
-0.717143
-0.717918
-0.718913
-0.719643
-0.720547
-0.721419
-0.722290
-0.723303
-0.724177
-0.725075
-0.725946
-0.726981
-0.727770
-0.728640
-0.729452
-0.730217
-0.730898
-0.731522
-0.732233
-0.732911
-0.733525
-0.734039
-0.734650
-0.735236
-0.735661
-0.736216
-0.736909
-0.737536
-0.738138
-0.738801
-0.739656
-0.740585
-0.741517
-0.742366
-0.743184
-0.744085
-0.745023
-0.745904
-0.746864
-0.747675
-0.748325
-0.748937
-0.749282
-0.749764
-0.750169
-0.750744
-0.751227
-0.751751
-0.752270
-0.752789
-0.753214
-0.753677
-0.754123
-0.754705
-0.755162
-0.755699
-0.756379
-0.757241
-0.757866
-0.758404
-0.759201
-0.759824
-0.760437
-0.761086
-0.761668
-0.762196
-0.762765
-0.763465
-0.764103
-0.764653
-0.765294
-0.765883
-0.766405
-0.766955
-0.767485
-0.767809
-0.767967
-0.768137
-0.768435
-0.768596
-0.769167
-0.769576
-0.769807
-0.770115
-0.770445
-0.770721
-0.771150
-0.771616
-0.772350
-0.772941
-0.773658
-0.774207
-0.774910
-0.775563
-0.776124
-0.776704
-0.777138
-0.777509
-0.777967
-0.778118
-0.778457
-0.778700
-0.778988
-0.779201
-0.779261
-0.779332
-0.779631
-0.779751
-0.779871
-0.780084
-0.780382
-0.780699
-0.781148
-0.781593
-0.781902
-0.782223
-0.782516
-0.782848
-0.783264
-0.783362
-0.783719
-0.784214
-0.784675
-0.785172
-0.785462
-0.785772
-0.786026
-0.786396
-0.786634
-0.786877
-0.787138
-0.787286
-0.787406
-0.787483
-0.787520
-0.787576
-0.787563
-0.787547
-0.787509
-0.787451
-0.787513
-0.787557
-0.787625
-0.787662
-0.787916
-0.788041
-0.788429
-0.788750
-0.789271
-0.789721
-0.789948
-0.790239
-0.790567
-0.790774
-0.791093
-0.791199
-0.791178
-0.791138
-0.791073
-0.791051
-0.791004
-0.790998
-0.790902
-0.790792
-0.790608
-0.790572
-0.790404
-0.790283
-0.790273
-0.790300
-0.790204
-0.790294
-0.790484
-0.790586
-0.790514
-0.790601
-0.790711
-0.790789
-0.790867
-0.790669
-0.790760
-0.790849
-0.791039
-0.791131
-0.791288
-0.791508
-0.791468
-0.791447
-0.791316
-0.791133
-0.790962
-0.790632
-0.790410
-0.790287
-0.790022
-0.789712
-0.789402
-0.789066
-0.788665
-0.788332
-0.787980
-0.787774
-0.787820
-0.787768
-0.787970
-0.787937
-0.787930
-0.787982
-0.787967
-0.788000
-0.788047
-0.788143
-0.787994
-0.787892
-0.787654
-0.787623
-0.787289
-0.786896
-0.786539
-0.786186
-0.785769
-0.785325
-0.784926
-0.784554
-0.784195
-0.783813
-0.783580
-0.783295
-0.783023
-0.782774
-0.782297
-0.781979
-0.781573
-0.781297
-0.781101
-0.780746
-0.780623
-0.780650
-0.780528
-0.780259
-0.779953
-0.779580
-0.779427
-0.779384
-0.779267
-0.778951
-0.778619
-0.778233
-0.777930
-0.777595
-0.777044
-0.776441
-0.775971
-0.775350
-0.774449
-0.773721
-0.773285
-0.772567
-0.771983
-0.771644
-0.771068
-0.770612
-0.770259
-0.770134
-0.769803
-0.769559
-0.769201
-0.768957
-0.768707
-0.768508
-0.768240
-0.767804
-0.767408
-0.766983
-0.766453
-0.765937
-0.765519
-0.764906
-0.764266
-0.763575
-0.762982
-0.762214
-0.761384
-0.760826
-0.760154
-0.759704
-0.759198
-0.758496
-0.757868
-0.757167
-0.756348
-0.755660
-0.755101
-0.754406
-0.753887
-0.753530
-0.752943
-0.752510
-0.752027
-0.751645
-0.751224
-0.750827
-0.750237
-0.749691
-0.749434
-0.748852
-0.748277
-0.747755
-0.747092
-0.746337
-0.745495
-0.744525
-0.743657
-0.742701
-0.741776
-0.740690
-0.739788
-0.739030
-0.738279
-0.737431
-0.736638
-0.735895
-0.735163
-0.734565
-0.734016
-0.733500
-0.732982
-0.732373
-0.731865
-0.731279
-0.730754
-0.730035
-0.729389
-0.728534
-0.727706
-0.727112
-0.726262
-0.725413
-0.724553
-0.723891
-0.723089
-0.722243
-0.721217
-0.720285
-0.719275
-0.718266
-0.717161
-0.716282
-0.715333
-0.714447
-0.713491
-0.712625
-0.711600
-0.710618
-0.709672
-0.708752
-0.707718
-0.707008
-0.706416
-0.705873
-0.705315
-0.704689
-0.703961
-0.703207
-0.702446
-0.701709
-0.700931
-0.700141
-0.699164
-0.698167
-0.697032
-0.695841
-0.694778
-0.693651
-0.692452
-0.691340
-0.689934
-0.688926
-0.687684
-0.686565
-0.685570
-0.684470
-0.683360
-0.682527
-0.681663
-0.680798
-0.679973
-0.678972
-0.678137
-0.677200
-0.676279
-0.675404
-0.674464
-0.673561
-0.672560
-0.671494
-0.670580
-0.669634
-0.668676
-0.667759
-0.666791
-0.665771
-0.664516
-0.663269
-0.662084
-0.660880
-0.659587
-0.658370
-0.657077
-0.655785
-0.654531
-0.653221
-0.651924
-0.650403
-0.649175
-0.648064
-0.646902
-0.645834
-0.644802
-0.643923
-0.643012
-0.642128
-0.641277
-0.640256
-0.639306
-0.638363
-0.637473
-0.636472
-0.635325
-0.633983
-0.632910
-0.631523
-0.630324
-0.629026
-0.627720
-0.626202
-0.624597
-0.623204
-0.621837
-0.620520
-0.619184
-0.617965
-0.616689
-0.615330
-0.614029
-0.612625
-0.611278
-0.610025
-0.608742
-0.607643
-0.606552
-0.605393
-0.604106
-0.602980
-0.601883
-0.600686
-0.599444
-0.598161
-0.597136
-0.595978
-0.594923
-0.593873
-0.592741
-0.591560
-0.590148
-0.588751
-0.587186
-0.585680
-0.584098
-0.582399
-0.580932
-0.579469
-0.577795
-0.576074
-0.574587
-0.573155
-0.571766
-0.570091
-0.568600
-0.567215
-0.565999
-0.564852
-0.563813
-0.562585
-0.561369
-0.560317
-0.559008
-0.557752
-0.556645
-0.555305
-0.554069
-0.552613
-0.551116
-0.549712
-0.548238
-0.546786
-0.545351
-0.543844
-0.542186
-0.540850
-0.539303
-0.537602
-0.536029
-0.534405
-0.532689
-0.531114
-0.529564
-0.528004
-0.526386
-0.524789
-0.523155
-0.521447
-0.519998
-0.518660
-0.517064
-0.515708
-0.514337
-0.513001
-0.511685
-0.510309
-0.509117
-0.507919
-0.506748
-0.505530
-0.504092
-0.502724
-0.501228
-0.499555
-0.497977
-0.496184
-0.494616
-0.492902
-0.491154
-0.489332
-0.487485
-0.485676
-0.483861
-0.482036
-0.480286
-0.478536
-0.476798
-0.475377
-0.473985
-0.472397
-0.470720
-0.469157
-0.467754
-0.466250
-0.464794
-0.463255
-0.461880
-0.460387
-0.458861
-0.457363
-0.455869
-0.454423
-0.452977
-0.451380
-0.449846
-0.448127
-0.446526
-0.445043
-0.443495
-0.441866
-0.440227
-0.438432
-0.436583
-0.434625
-0.432649
-0.430719
-0.428711
-0.426698
-0.424948
-0.423233
-0.421542
-0.419712
-0.417847
-0.416079
-0.414355
-0.412729
-0.411240
-0.409767
-0.408443
-0.407078
-0.405674
-0.404253
-0.402852
-0.401351
-0.399587
-0.398037
-0.396340
-0.394666
-0.392846
-0.391128
-0.389244
-0.387423
-0.385628
-0.383835
-0.381922
-0.379912
-0.378112
-0.376115
-0.374179
-0.372275
-0.370495
-0.368552
-0.366752
-0.364931
-0.363080
-0.361249
-0.359521
-0.357601
-0.355796
-0.354027
-0.352281
-0.350573
-0.349068
-0.347527
-0.345934
-0.344385
-0.342705
-0.341215
-0.339822
-0.338275
-0.336632
-0.334931
-0.333101
-0.331434
-0.329449
-0.327613
-0.325700
-0.323620
-0.321578
-0.319464
-0.317382
-0.315178
-0.313110
-0.311163
-0.309249
-0.307109
-0.305097
-0.303151
-0.301350
-0.299529
-0.297965
-0.296304
-0.294610
-0.292781
-0.291100
-0.289559
-0.287633
-0.285868
-0.284294
-0.282586
-0.280915
-0.279217
-0.277410
-0.275657
-0.274022
-0.272118
-0.270170
-0.268347
-0.266569
-0.264709
-0.262997
-0.261021
-0.259029
-0.257008
-0.254642
-0.252448
-0.250399
-0.248489
-0.246226
-0.244159
-0.242015
-0.239940
-0.237869
-0.235973
-0.233942
-0.232052
-0.230104
-0.228406
-0.226882
-0.225197
-0.223557
-0.222096
-0.220411
-0.218807
-0.217152
-0.215468
-0.213601
-0.211736
-0.209754
-0.207910
-0.206028
-0.204163
-0.202237
-0.200200
-0.198238
-0.196034
-0.193758
-0.191614
-0.189431
-0.187430
-0.185400
-0.183503
-0.181389
-0.179331
-0.177412
-0.175271
-0.173122
-0.171053
-0.168989
-0.166989
-0.165091
-0.163133
-0.161273
-0.159411
-0.157609
-0.155940
-0.154196
-0.152479
-0.150787
-0.149088
-0.147437
-0.145725
-0.143860
-0.142264
-0.140408
-0.138529
-0.136601
-0.134712
-0.132716
-0.130458
-0.128203
-0.125864
-0.123650
-0.121473
-0.119207
-0.117123
-0.114877
-0.112642
-0.110409
-0.108297
-0.106369
-0.104344
-0.102428
-0.100547
-0.098602
-0.096770
-0.094930
-0.093039
-0.091054
-0.089282
-0.087537
-0.085645
-0.083940
-0.082115
-0.080303
-0.078476
-0.076668
-0.074672
-0.072822
-0.071087
-0.069211
-0.067443
-0.065417
-0.063332
-0.061541
-0.059550
-0.057375
-0.055001
-0.052823
-0.050698
-0.048397
-0.046120
-0.043818
-0.041585
-0.039306
-0.037117
-0.034910
-0.032810
-0.030739
-0.028597
-0.026884
-0.025083
-0.023343
-0.021620
-0.019835
-0.018002
-0.016338
-0.014505
-0.012763
-0.011030
-0.009273
-0.007632
-0.005691
-0.003879
-0.001887
0.000151
0.002195
0.004331
0.006397
0.008552
0.010542
0.012419
0.014404
0.016454
0.018697
0.020983
0.023255
0.025310
0.027434
0.029669
0.031983
0.034164
0.036261
0.038416
0.040504
0.042392
0.044386
0.046517
0.048512
0.050486
0.052353
0.054048
0.055683
0.057301
0.058913
0.060492
0.062109
0.063842
0.065677
0.067431
0.069414
0.071279
0.073250
0.075199
0.077371
0.079225
0.081330
0.083658
0.085945
0.088205
0.090396
0.092591
0.094805
0.096834
0.099022
0.101155
0.103263
0.105450
0.107429
0.109394
0.111364
0.113390
0.115390
0.117389
0.119412
0.121382
0.123073
0.124893
0.126845
0.128587
0.130372
0.132101
0.133725
0.135477
0.137212
0.138885
0.140453
0.142209
0.143909
0.145858
0.147792
0.149767
0.151832
0.153873
0.155897
0.158040
0.160244
0.162482
0.164810
0.167250
0.169470
0.171794
0.173808
0.175983
0.177994
0.180036
0.182121
0.184033
0.185808
0.187801
0.189706
0.191479
0.193145
0.194859
0.196555
0.198398
0.200131
0.202035
0.203801
0.205491
0.207226
0.208881
0.210614
0.212365
0.214039
0.215840
0.217708
0.219576
0.221459
0.223394
0.225182
0.227020
0.229083
0.231071
0.233203
0.235339
0.237575
0.239756
0.242123
0.244447
0.246626
0.248906
0.250959
0.252709
0.254718
0.256800
0.258638
0.260580
0.262303
0.264189
0.265923
0.267428
0.268946
0.270477
0.272007
0.273642
0.275159
0.276826
0.278522
0.280338
0.282102
0.283936
0.285569
0.287329
0.289128
0.291031
0.292842
0.294579
0.296566
0.298404
0.300415
0.302324
0.304457
0.306480
0.308442
0.310438
0.312431
0.314495
0.316679
0.318729
0.320810
0.322904
0.325075
0.327159
0.328876
0.330776
0.332600
0.334276
0.335840
0.337539
0.339220
0.340747
0.342116
0.343557
0.345041
0.346359
0.347822
0.349340
0.350927
0.352523
0.354264
0.355979
0.357667
0.359392
0.361049
0.363005
0.364905
0.366912
0.368757
0.370758
0.372676
0.374452
0.376461
0.378376
0.380413
0.382382
0.384273
0.386084
0.387913
0.389847
0.392012
0.393857
0.395709
0.397630
0.399340
0.401111
0.402939
0.404607
0.406156
0.407553
0.409106
0.410545
0.412005
0.413387
0.414763
0.416086
0.417297
0.418635
0.420005
0.421490
0.423024
0.424631
0.426366
0.427898
0.429323
0.431137
0.433089
0.435041
0.437081
0.438965
0.440825
0.442833
0.444664
0.446462
0.448151
0.449915
0.451842
0.453832
0.455607
0.457417
0.459218
0.460981
0.462555
0.464132
0.465734
0.467243
0.468922
0.470458
0.472187
0.473746
0.475184
0.476533
0.477880
0.479083
0.480367
0.481581
0.482714
0.483942
0.485190
0.486517
0.487937
0.489401
0.490710
0.492103
0.493746
0.495213
0.496727
0.498544
0.500393
0.502219
0.504042
0.505900
0.507859
0.509693
0.511554
0.513217
0.514951
0.516660
0.518355
0.520050
0.521736
0.523298
0.524837
0.526269
0.527695
0.529180
0.530738
0.532044
0.533519
0.534910
0.536075
0.537481
0.538774
0.539996
0.541336
0.542445
0.543447
0.544712
0.545911
0.546890
0.548000
0.549241
0.550586
0.551731
0.553000
0.554283
0.555639
0.557174
0.558583
0.560251
0.561878
0.563702
0.565471
0.567272
0.568937
0.570609
0.572294
0.574055
0.575669
0.577253
0.578849
0.580404
0.581879
0.583302
0.584775
0.585871
0.587129
0.588401
0.589715
0.590989
0.592204
0.593220
0.594343
0.595448
0.596662
0.597762
0.598948
0.599903
0.600974
0.602050
0.603023
0.603982
0.604859
0.605888
0.606981
0.608020
0.609205
0.610460
0.611602
0.612976
0.614184
0.615558
0.617075
0.618615
0.620114
0.621651
0.623372
0.624891
0.626448
0.628107
0.629853
0.631383
0.632876
0.634110
0.635438
0.636587
0.637759
0.638926
0.640135
0.641341
0.642442
0.643507
0.644566
0.645529
0.646353
0.647239
0.647964
0.648854
0.650039
0.650930
0.651942
0.652917
0.653743
0.654500
0.655348
0.656032
0.656791
0.657656
0.658702
0.659764
0.660759
0.661851
0.662756
0.663934
0.665019
0.666406
0.667768
0.669103
0.670470
0.671956
0.673388
0.674876
0.676359
0.677814
0.679113
0.680456
0.681560
0.682763
0.683926
0.685272
0.686262
0.687125
0.688032
0.688897
0.689718
0.690524
0.691357
0.692105
0.692785
0.693626
0.694327
0.695145
0.695917
0.696645
0.697251
0.697751
0.698423
0.699138
0.699730
0.700590
0.701207
0.701824
0.702613
0.703292
0.704025
0.704827
0.705854
0.706762
0.707676
0.708695
0.709948
0.711182
0.712252
0.713638
0.714899
0.716199
0.717472
0.718686
0.719875
0.720983
0.722081
0.723149
0.724028
0.725029
0.725953
0.726868
0.727581
0.728188
0.728863
0.729520
0.730154
0.730693
0.731252
0.731806
0.732421
0.732948
0.733312
0.733928
0.734398
0.734991
0.735492
0.735806
0.736261
0.736460
0.736801
0.737343
0.737885
0.738362
0.738849
0.739460
0.740147
0.740909
0.741608
0.742208
0.743030
0.743903
0.744895
0.746030
0.747209
0.748310
0.749415
0.750441
0.751477
0.752335
0.753243
0.754245
0.755112
0.756045
0.756635
0.757278
0.757985
0.758722
0.759310
0.759716
0.760228
0.760609
0.761067
0.761329
0.761825
0.762156
0.762480
0.762898
0.763218
0.763532
0.763791
0.763837
0.763930
0.764118
0.764132
0.764345
0.764688
0.764861
0.765040
0.765219
0.765528
0.765723
0.765893
0.766498
0.767050
0.767689
0.768441
0.769163
0.769942
0.770755
0.771492
0.772154
0.772894
0.773902
0.774768
0.775657
0.776411
0.777072
0.777889
0.778375
0.778789
0.779297
0.779785
0.780194
0.780760
0.781157
0.781543
0.781969
0.782157
0.782426
0.782586
0.782833
0.783016
0.783196
0.783099
0.783061
0.783118
0.783282
0.783203
0.783012
0.782787
0.782644
0.782425
0.782230
0.782121
0.782133
0.781964
0.782050
0.782183
0.782136
0.782391
0.782799
0.783127
0.783504
0.783946
0.784474
0.784880
0.785410
0.786102
0.786725
0.787088
0.787528
0.788212
0.788759
0.789394
0.789805
0.790173
0.790478
0.790780
0.791059
0.791525
0.791853
0.792130
0.792498
0.792866
0.793134
0.793278
0.793106
0.793256
0.793186
0.793222
0.793106
0.792876
0.792670
0.792427
0.792096
0.791714
0.791259
0.790805
0.790249
0.789758
0.789210
0.788878
0.788547
0.788268
0.788071
0.787996
0.787765
0.787645
0.787561
0.787674
0.787615
0.787672
0.787840
0.788105
0.788276
0.788590
0.788829
0.789013
0.789098
0.789147
0.789368
0.789721
0.790081
0.790281
0.790615
0.790954
0.791136
0.791229
0.791589
0.791854
0.791972
0.792229
0.792386
0.792649
0.792688
0.792617
0.792381
0.792073
0.791885
0.791445
0.791033
0.790597
0.790117
0.789498
0.788805
0.788100
0.787279
0.786822
0.786132
0.785408
0.784705
0.784055
0.783574
0.782925
0.782475
0.782128
0.781626
0.781251
0.780915
0.780398
0.780068
0.779581
0.779249
0.778944
0.778782
0.778569
0.778450
0.778305
0.778176
0.778058
0.778148
0.777914
0.777851
0.778052
0.778266
0.778581
0.778783
0.778975
0.778993
0.779165
0.779297
0.779271
0.779302
0.779244
0.779128
0.778935
0.778542
0.778092
0.777825
0.777292
0.776738
0.776184
0.775469
0.774774
0.773980
0.773346
0.772529
0.771681
0.770883
0.770003
0.769370
0.768595
0.767735
0.766893
0.765946
0.764993
0.764071
0.763153
0.762187
0.761296
0.760423
0.759387
0.758669
0.757900
0.757152
0.756488
0.755798
0.754990
0.754496
0.754039
0.753736
0.753541
0.753277
0.753091
0.753065
0.752941
0.752809
0.752730
0.752547
0.752353
0.752197
0.752079
0.752014
0.751948
0.751624
0.751343
0.750980
0.750605
0.749978
0.749539
0.749396
0.748891
0.748404
0.747943
0.747309
0.746707
0.746024
0.745303
0.744522
0.743812
0.742872
0.741965
0.740990
0.739932
0.738748
0.737589
0.736344
0.734929
0.733550
0.732126
0.730798
0.729534
0.728323
0.727007
0.725736
0.724517
0.723269
0.722149
0.721127
0.720028
0.719070
0.718162
0.717363
0.716664
0.715941
0.715245
0.714621
0.713769
0.712885
0.712066
0.711400
0.710979
0.710682
0.710101
0.709588
0.709051
0.708588
0.708171
0.707680
0.707342
0.707024
0.706626
0.706467
0.706284
0.706005
0.705550
0.705120
0.704647
0.703992
0.703415
0.702924
0.702207
0.701343
0.700370
0.699402
0.698217
0.697116
0.695936
0.694849
0.693564
0.692274
0.690917
0.689537
0.688028
0.686719
0.685182
0.683794
0.682388
0.680846
0.679623
0.678150
0.676618
0.674983
0.673335
0.671706
0.670168
0.668576
0.667036
0.665591
0.664003
0.662504
0.661116
0.659701
0.658434
0.657151
0.655922
0.654694
0.653731
0.652938
0.651950
0.651128
0.650496
0.649948
0.649247
0.648537
0.647862
0.647095
0.646562
0.646091
0.645477
0.644770
0.644210
0.643663
0.642993
0.642187
0.641557
0.640782
0.640135
0.639350
0.638741
0.638062
0.637407
0.636605
0.635786
0.634885
0.633941
0.632914
0.631959
0.630961
0.629859
0.628582
0.627276
0.625732
0.624180
0.622671
0.620921
0.619183
0.617338
0.615465
0.613794
0.611879
0.610001
0.608100
0.606139
0.604231
0.602315
0.600438
0.598458
0.596735
0.594916
0.593165
0.591385
0.589709
0.588020
0.586151
0.584285
0.582492
0.580716
0.579023
0.577427
0.575930
0.574494
0.572936
0.571449
0.570030
0.568779
0.567430
0.566311
0.565164
0.564226
0.563371
0.562613
0.561741
0.561131
0.560303
0.559531
0.558845
0.558130
0.557498
0.556795
0.555992
0.555211
0.554436
0.553617
0.552775
0.551907
0.551072
0.550129
0.549325
0.548229
0.547191
0.546075
0.544985
0.544020
0.543010
0.542004
0.540841
0.539520
0.538081
0.536830
0.535295
0.533678
0.532028
0.530403
0.528656
0.526687
0.524759
0.522641
0.520621
0.518455
0.516223
0.513935
0.511609
0.509335
0.507146
0.504993
0.502575
0.500242
0.497866
0.495828
0.493728
0.491503
0.489414
0.487188
0.484846
0.482644
0.480528
0.478436
0.476394
0.474261
0.472247
0.470234
0.468200
0.466180
0.464190
0.462224
0.460634
0.458980
0.457286
0.455744
0.454471
0.453228
0.451756
0.450395
0.449397
0.448301
0.447386
0.446476
0.445525
0.444588
0.443745
0.442880
0.441913
0.440989
0.440037
0.439205
0.438345
0.437523
0.436667
0.435699
0.434886
0.433899
0.432922
0.432071
0.431165
0.430249
0.429250
0.428490
0.427545
0.426632
0.425532
0.424453
0.423327
0.421987
0.420523
0.419089
0.417567
0.416089
0.414524
0.412684
0.410897
0.408942
0.406893
0.404752
0.402471
0.400132
0.397925
0.395637
0.393486
0.391238
0.388875
0.386444
0.383934
0.381336
0.378799
0.376366
0.373800
0.371074
0.368442
0.365801
0.363128
0.360442
0.357605
0.354666
0.351864
0.348915
0.346102
0.343321
0.340408
0.337762
0.335060
0.332283
0.329842
0.327266
0.324812
0.322460
0.320170
0.317861
0.315681
0.313544
0.311527
0.309589
0.307801
0.305919
0.303952
0.302165
0.300353
0.298679
0.297165
0.295470
0.293899
0.292313
0.291067
0.289631
0.288281
0.286977
0.285899
0.284911
0.284100
0.283256
0.282254
0.281500
0.280684
0.280124
0.279428
0.278744
0.278260
0.277787
0.277260
0.276693
0.275926
0.275250
0.274529
0.273735
0.272945
0.272357
0.271673
0.270860
0.270097
0.269181
0.268242
0.267426
0.266321
0.265330
0.264740
0.263738
0.262736
0.261757
0.260647
0.259357
0.258096
0.256707
0.255271
0.253742
0.252394
0.250834
0.248933
0.246967
0.244787
0.242728
0.240516
0.238239
0.235765
0.233468
0.231014
0.228496
0.225863
0.223294
0.220571
0.217788
0.214814
0.211818
0.209037
0.206127
0.203175
0.200118
0.197033
0.193773
0.190408
0.186999
0.183502
0.180001
0.176348
0.172652
0.168881
0.165232
0.161674
0.157948
0.154219
0.150360
0.146439
0.142416
0.138784
0.135135
0.131437
0.127827
0.124400
0.120774
0.117179
0.113733
0.110135
0.106534
0.102996
0.099569
0.096259
0.092802
0.089420
0.086127
0.082732
0.079534
0.076193
0.072955
0.069716
0.066830
0.063853
0.061019
0.058227
0.055595
0.052933
0.050547
0.048189
0.046075
0.043839
0.041759
0.039991
0.038130
0.036245
0.034553
0.032972
0.031377
0.030074
0.028612
0.027213
0.025960
0.024851
0.023837
0.022830
0.022017
0.021071
0.020333
0.019844
0.019490
0.019143
0.019038
0.018908
0.019050
0.019342
0.019603
0.020044
0.020383
0.021013
0.021671
0.022451
0.023369
0.024371
0.025477
0.026461
0.027514
0.028480
0.029680
0.030961
0.032507
0.034082
0.035522
0.037074
0.038907
0.040713
0.042580
0.044528
0.046528
0.048809
0.051173
0.053625
0.056228
0.058792
0.061366
0.063894
0.066375
0.069123
0.072056
0.075012
0.077846
0.080896
0.083859
0.086652
0.089448
0.092357
0.095426
0.098653
0.101684
0.104887
0.108301
0.111706
0.115170
0.118543
0.121964
0.125436
0.128993
0.132763
0.136477
0.140334
0.144138
0.148053
0.151913
0.155675
0.159557
0.163340
0.167133
0.170912
0.174745
0.178531
0.182515
0.186400
0.190302
0.194155
0.198164
0.202191
0.206067
0.209889
0.213929
0.218163
0.222348
0.226562
0.230788
0.235223
0.239505
0.243657
0.247897
0.252297
0.256397
0.260636
0.264985
0.269382
0.273681
0.277773
0.282012
0.286105
0.290202
0.294489
0.298591
0.302774
0.306991
0.311314
0.315590
0.319701
0.324008
0.328309
0.332734
0.337250
0.341549
0.345967
0.350412
0.354908
0.359419
0.363862
0.368072
0.372447
0.376789
0.381237
0.385653
0.390023
0.394243
0.398435
0.402573
0.406768
0.411100
0.415334
0.419562
0.423786
0.428103
0.432440
0.436660
0.441116
0.445568
0.450005
0.454241
0.458725
0.463056
0.467429
0.472079
0.476625
0.480918
0.485208
0.489551
0.493869
0.498210
0.502413
0.506677
0.510811
0.515099
0.519328
0.523505
0.527634
0.531869
0.536011
0.540185
0.544379
0.548713
0.553055
0.557492
0.561928
0.566155
0.570442
0.574730
0.579049
0.583383
0.587746
0.592205
0.596759
0.600900
0.605198
0.609359
0.613423
0.617439
0.621530
0.625613
0.629844
0.634091
0.638291
0.642403
0.646405
0.650551
0.654605
0.658663
0.662718
0.667011
0.671307
0.675808
0.680092
0.684328
0.688523
0.692814
0.696979
0.701067
0.705392
0.709587
0.713701
0.717788
0.721941
0.726018
0.730204
0.734162
0.737961
0.741949
0.745952
0.749977
0.753892
0.757906
0.761954
0.766041
0.770125
0.774154
0.778424
0.782446
0.786630
0.790743
0.794754
0.798845
0.803026
0.807267
0.811576
0.815526
0.819457
0.823360
0.827319
0.831317
0.835261
0.839211
0.843034
0.846857
0.850631
0.854603
0.858440
0.862320
0.866024
0.869921
0.873960
0.877959
0.881855
0.885963
0.889871
0.893948
0.897716
0.901698
0.905751
0.909816
0.913908
0.917864
0.921709
0.925563
0.929341
0.933031
0.936964
0.940704
0.944314
0.948063
0.951884
0.955620
0.959255
0.962912
0.966602
0.970335
0.973974
0.977935
0.981643
0.985445
0.989345
0.993173
0.997010
1.000810
1.004689
1.008424
1.012401
1.016196
1.019851
1.023658
1.027336
1.030995
1.034727
1.038231
1.041657
1.045369
1.048868
1.052430
1.056021
1.059566
1.063003
1.066539
1.070134
1.073715
1.077152
1.080743
1.084503
1.088215
1.091956
1.095619
1.099316
1.102964
1.106603
1.110167
1.113558
1.117220
1.120816
1.124265
1.128035
1.131613
1.135069
1.138256
1.141491
1.144711
1.147960
1.151381
1.154845
1.158221
1.161641
1.165162
1.168462
1.171818
1.175220
1.178453
1.181979
1.185390
1.188879
1.192486
1.196108
1.199650
1.203088
1.206383
1.209532
1.212885
1.216289
1.219563
1.222824
1.226350
1.229371
1.232385
1.235550
1.238690
1.241920
1.245108
1.248076
1.251156
1.254319
1.257686
1.260948
1.263924
1.267232
1.270535
1.273756
1.276984
1.280343
1.283592
1.286840
1.290051
1.293243
1.296419
1.299584
1.302683
1.305794
1.308833
1.311839
1.314759
1.317661
1.320600
1.323674
1.326579
1.329432
1.332322
1.335128
1.338094
1.341080
1.344041
1.347021
1.349988
1.353115
1.356297
1.359263
1.362133
1.365187
1.368099
1.371272
1.374224
1.377167
1.380162
1.383167
1.386069
1.388666
1.391480
1.394259
1.396871
1.399581
1.402343
1.405160
1.407757
1.410386
1.413009
1.415757
1.418367
1.421151
1.423801
1.426650
1.429514
1.432248
1.434962
1.437725
1.440575
1.443371
1.446172
1.448865
1.451606
1.454405
1.457142
1.459740
1.462374
1.464676
1.467089
1.469732
1.472289
1.474727
1.477256
1.479659
1.482079
1.484411
1.486748
1.489200
1.491731
1.494091
1.496508
1.499111
1.501683
1.504311
1.506856
1.509510
1.511938
1.514349
1.516734
1.519243
1.521666
1.524233
1.526763
1.529199
1.531429
1.533697
1.536033
1.538175
1.540327
1.542289
1.544467
1.546582
1.548946
1.551244
1.553468
1.555564
1.557700
1.559774
1.561900
1.564080
1.566355
1.568798
1.571058
1.573401
1.575768
1.578040
1.580195
1.582153
1.584399
1.586538
1.588678
1.590945
1.592997
1.595014
1.597023
1.598934
1.600713
1.602513
1.604304
1.606420
1.608400
1.610174
1.612023
1.613942
1.615844
1.617819
1.619559
1.621470
1.623499
1.625561
1.627595
1.629687
1.631672
1.633538
1.635463
1.637350
1.639235
1.641128
1.643060
1.644860
1.646656
1.648322
1.650141
1.651658
1.653276
1.654853
1.656602
1.658097
1.659647
1.661131
1.662759
1.664398
1.666097
1.667670
1.669263
1.670999
1.672648
1.674374
1.675869
1.677619
1.679365
1.681077
1.682768
1.684405
1.686047
1.687572
1.689289
1.690773
1.692144
1.693464
1.694913
1.696318
1.697701
1.699138
1.700410
1.701580
1.702792
1.704175
1.705364
1.706712
1.708074
1.709257
1.710650
1.712000
1.713305
1.714635
1.716052
1.717591
1.719079
1.720313
1.721653
1.722994
1.724375
1.725650
1.726859
1.728034
1.729248
1.730505
1.731710
1.732858
1.733903
1.734774
1.735610
1.736547
1.737626
1.738615
1.739535
1.740601
1.741619
1.742662
1.743578
1.744671
1.745614
1.746533
1.747606
1.748760
1.749840
1.751009
1.752108
1.753189
1.754244
1.755144
1.756112
1.756997
1.757905
1.758887
1.759565
1.760407
1.761208
1.761921
1.762675
1.763402
1.764028
1.764536
1.765131
1.765735
1.766422
1.767197
1.767881
1.768561
1.769345
1.769911
1.770747
1.771445
1.772191
1.772907
1.773600
1.774430
1.775303
1.776070
1.776676
1.777273
1.777801
1.778420
1.778947
1.779393
1.779928
1.780459
1.780884
1.781312
1.781550
1.781763
1.782024
1.782352
1.782651
1.783045
1.783484
1.783849
1.784288
1.784675
1.784838
1.785202
1.785638
1.786070
1.786541
1.787060
1.787627
1.787974
1.788221
1.788660
1.789026
1.789288
1.789361
1.789630
1.789846
1.790153
1.790255
1.790259
1.790253
1.790261
1.790307
1.790217
1.790258
1.790246
1.790273
1.790315
1.790174
1.790205
1.790171
1.790348
1.790488
1.790648
1.790708
1.790828
1.790830
1.790950
1.790955
1.790998
1.791003
1.791137
1.791170
1.791193
1.791151
1.790932
1.790677
1.790315
1.790108
1.789908
1.789558
1.789167
1.788910
1.788723
1.788447
1.787972
1.787567
1.787160
1.786848
1.786446
1.786265
1.786063
1.785797
1.785735
1.785425
1.785108
1.784888
1.784690
1.784435
1.784038
1.783772
1.783510
1.782980
1.782680
1.782343
1.781931
1.781430
1.780690
1.780003
1.779372
1.778746
1.778148
1.777587
1.776731
1.776151
1.775443
1.774794
1.774106
1.773448
1.772746
1.772173
1.771526
1.770962
1.770541
1.770018
1.769395
1.768840
1.768090
1.767495
1.766942
1.766379
1.765660
1.765062
1.764359
1.763515
1.762645
1.761682
1.760689
1.759907
1.759035
1.757899
1.756945
1.756127
1.755057
1.753894
1.752914
1.751818
1.750731
1.749791
1.748998
1.748043
1.747150
1.746200
1.745330
1.744368
1.743433
1.742553
1.741617
1.740748
1.739766
1.738898
1.737892
1.736799
1.735753
1.734641
1.733412
1.732373
1.731077
1.729746
1.728468
1.727206
1.725779
1.724568
1.723050
1.721760
1.720507
1.719142
1.717834
1.716465
1.715126
1.713778
1.712611
1.711200
1.710101
1.708953
1.707800
1.706560
1.705276
1.703926
1.702561
1.701501
1.700202
1.698692
1.697369
1.695948
1.694467
1.693015
1.691473
1.689917
1.688303
1.686624
1.684924
1.683234
1.681638
1.679900
1.678214
1.676555
1.674866
1.673177
1.671638
1.670109
1.668560
1.666975
1.665108
1.663530
1.661975
1.660445
1.659149
1.657770
1.656051
1.654331
1.652777
1.651094
1.649360
1.647530
1.645717
1.643987
1.642279
1.640470
1.638593
1.636692
1.634670
1.632551
1.630423
1.628318
1.626475
1.624458
1.622657
1.620745
1.618742
1.616689
1.614665
1.612721
1.610882
1.609003
1.607096
1.605197
1.603442
1.601784
1.599821
1.597832
1.595905
1.593836
1.591870
1.589934
1.587974
1.585949
1.583759
1.581641
1.579457
1.577117
1.574850
1.572578
1.570330
1.567987
1.565513
1.563401
1.561147
1.558799
1.556511
1.554219
1.551788
1.549555
1.547278
1.545134
1.543090
1.540961
1.538733
1.536522
1.534427
1.532218
1.529954
1.527641
1.525389
1.523179
1.520877
1.518665
1.516283
1.513948
1.511556
1.508894
1.506240
1.503583
1.501027
1.498453
1.496047
1.493481
1.490807
1.488208
1.485555
1.482884
1.480180
1.477573
1.475156
1.472568
1.470129
1.467650
1.465265
1.462799
1.460243
1.457731
1.455269
1.452792
1.450194
1.447769
1.445240
1.442783
1.440143
1.437343
1.434653
1.431848
1.429253
1.426453
1.423644
1.420802
1.417862
1.414800
1.411888
1.408986
1.406211
1.403304
1.400459
1.397491
1.394706
1.391813
1.388855
1.386078
1.383242
1.380349
1.377779
1.375076
1.372448
1.369660
1.366910
1.364175
1.361114
1.358246
1.355454
1.352677
1.349937
1.346981
1.344069
1.340971
1.337852
1.334779
1.331578
1.328451
1.325276
1.322123
1.318928
1.315856
1.312747
1.309524
1.306209
1.302907
1.299777
1.296832
1.293716
1.290635
1.287575
1.284610
1.281502
1.278490
1.275350
1.272465
1.269427
1.266388
1.263365
1.260259
1.257258
1.254110
1.250966
1.247818
1.244378
1.241059
1.237817
1.234634
1.231158
1.227906
1.224362
1.220918
1.217514
1.214038
1.210507
1.207130
1.203572
1.200208
1.196795
1.193441
1.190265
1.186854
1.183491
1.180208
1.176835
1.173561
1.170110
1.167005
1.163854
1.160620
1.157407
1.153968
1.150714
1.147386
1.143838
1.140356
1.136873
1.133377
1.129935
1.126553
1.122950
1.119230
1.115511
1.111788
1.108174
1.104494
1.100631
1.096888
1.093438
1.089867
1.086135
1.082443
1.078856
1.075251
1.071543
1.068119
1.064599
1.061103
1.057704
1.054132
1.050645
1.047096
1.043612
1.040042
1.036586
1.033125
1.029633
1.025864
1.022103
1.018412
1.014737
1.010957
1.007249
1.003266
0.999514
0.995672
0.991886
0.988001
0.983921
0.979860
0.975983
0.972146
0.968285
0.964396
0.960617
0.956967
0.953060
0.949232
0.945432
0.941568
0.937986
0.934231
0.930525
0.926976
0.923361
0.919512
0.915761
0.912159
0.908313
0.904503
0.900749
0.896832
0.892922
0.889042
0.885192
0.881080
0.877063
0.873144
0.869055
0.864859
0.860764
0.856689
0.852509
0.848469
0.844399
0.840256
0.836150
0.832172
0.828236
0.824139
0.820297
0.816252
0.812272
0.808287
0.804368
0.800635
0.796969
0.792968
0.788987
0.785181
0.781151
0.777262
0.773374
0.769393
0.765437
0.761400
0.757252
0.753225
0.748997
0.744862
0.740639
0.736333
0.732152
0.727846
0.723628
0.719502
0.715174
0.710763
0.706533
0.702158
0.697848
0.693769
0.689804
0.685664
0.681436
0.677361
0.673197
0.669139
0.665059
0.661059
0.656966
0.652897
0.649061
0.645108
0.640975
0.636949
0.632803
0.628641
0.624343
0.620171
0.615962
0.611858
0.607605
0.603215
0.598919
0.594456
0.590003
0.585694
0.581341
0.576776
0.572345
0.567926
0.563502
0.559195
0.554910
0.550502
0.546242
0.541846
0.537561
0.533481
0.529159
0.524904
0.520722
0.516643
0.512454
0.508314
0.504214
0.500194
0.495955
0.491712
0.487552
0.483131
0.478808
0.474633
0.470370
0.466110
0.461699
0.457190
0.452771
0.448272
0.443767
0.439195
0.434609
0.430106
0.425592
0.421161
0.416579
0.412073
0.407660
0.403144
0.398758
0.394219
0.389832
0.385484
0.381144
0.376921
0.372727
0.368338
0.364114
0.359886
0.355653
0.351405
0.347227
0.342849
0.338638
0.334210
0.329847
0.325631
0.321312
0.316933
0.312427
0.307937
0.303375
0.298709
0.294130
0.289630
0.285086
0.280560
0.275813
0.271294
0.266576
0.262132
0.257392
0.252789
0.248212
0.243781
0.239316
0.234906
0.230618
0.226100
0.221794
0.217307
0.212827
0.208560
0.204301
0.200137
0.195991
0.191651
0.187251
0.182832
0.178474
0.174080
0.169541
0.165263
0.160756
0.156391
0.151962
0.147463
0.142848
0.137955
0.133299
0.128637
0.123943
0.119443
0.114826
0.110223
0.105651
0.100991
0.096297
0.091655
0.086862
0.082410
0.077945
0.073471
0.069168
0.064827
0.060404
0.056137
0.051622
0.047185
0.042780
0.038473
0.034229
0.029999
0.025703
0.021338
0.016899
0.012507
0.008103
0.003697
-0.000841
-0.005539
-0.010049
-0.014655
-0.019061
-0.023689
-0.028341
-0.033139
-0.037615
-0.042425
-0.047169
-0.051807
-0.056387
-0.061059
-0.065819
-0.070366
-0.074840
-0.079359
-0.083827
-0.088317
-0.092765
-0.097275
-0.101722
-0.106048
-0.110394
-0.114694
-0.118863
-0.123302
-0.127522
-0.131928
-0.136215
-0.140496
-0.144882
-0.149284
-0.153810
-0.158210
-0.162529
-0.166963
-0.171619
-0.176098
-0.180697
-0.185361
-0.189930
-0.194584
-0.199148
-0.203845
-0.208564
-0.213279
-0.217865
-0.222355
-0.226946
-0.231602
-0.236189
-0.240655
-0.245117
-0.249723
-0.254128
-0.258453
-0.262767
-0.267162
-0.271416
-0.275740
-0.279953
-0.284222
-0.288531
-0.292770
-0.297190
-0.301413
-0.305600
-0.309766
-0.314077
-0.318522
-0.322950
-0.327434
-0.331923
-0.336326
-0.340795
-0.345194
-0.349727
-0.354345
-0.358831
-0.363475
-0.368244
-0.372822
-0.377437
-0.381917
-0.386407
-0.390919
-0.395414
-0.399768
-0.404286
-0.408819
-0.413349
-0.417829
-0.422092
-0.426173
-0.430342
-0.434489
-0.438617
-0.442928
-0.447172
-0.451545
-0.455711
-0.459932
-0.464007
-0.468061
-0.472090
-0.476300
-0.480615
-0.484936
-0.489316
-0.493669
-0.498127
-0.502555
-0.506881
-0.511297
-0.515545
-0.519821
-0.524391
-0.529092
-0.533710
-0.538168
-0.542665
-0.547112
-0.551523
-0.555739
-0.560207
-0.564516
-0.568864
-0.573298
-0.577526
-0.581781
-0.585855
-0.590151
-0.594330
-0.598263
-0.602424
-0.606333
-0.610320
-0.614489
-0.618598
-0.622602
-0.626698
-0.630607
-0.634647
-0.638819
-0.642998
-0.647045
-0.651190
-0.655384
-0.659473
-0.663820
-0.668121
-0.672441
-0.676743
-0.681009
-0.685460
-0.689706
-0.694021
-0.698342
-0.702739
-0.707067
-0.711349
-0.715566
-0.719955
-0.724096
-0.728319
-0.732510
-0.736598
-0.740495
-0.744640
-0.748727
-0.752727
-0.756566
-0.760513
-0.764466
-0.768228
-0.772107
-0.776133
-0.779912
-0.783682
-0.787618
-0.791439
-0.795287
-0.799267
-0.803257
-0.807241
-0.811159
-0.815095
-0.819197
-0.823276
-0.827503
-0.831426
-0.835549
-0.839787
-0.843832
-0.848079
-0.852318
-0.856486
-0.860528
-0.864616
-0.868700
-0.872792
-0.876927
-0.881059
-0.885044
-0.888898
-0.892864
-0.896691
-0.900490
-0.904205
-0.908075
-0.911907
-0.915673
-0.919269
-0.922955
-0.926749
-0.930272
-0.933785
-0.937456
-0.940900
-0.944641
-0.948432
-0.952408
-0.956080
-0.959669
-0.963324
-0.967119
-0.970735
-0.974576
-0.978485
-0.982407
-0.986441
-0.990458
-0.994344
-0.998410
-1.002172
-1.005879
-1.009725
-1.013673
-1.017594
-1.021624
-1.025615
-1.029488
-1.033306
-1.036945
-1.040500
-1.043991
-1.047655
-1.051353
-1.054918
-1.058512
-1.062036
-1.065598
-1.069032
-1.072331
-1.075744
-1.078936
-1.082252
-1.085635
-1.089159
-1.092694
-1.096128
-1.099515
-1.102850
-1.106310
-1.109632
-1.113265
-1.116828
-1.120354
-1.123951
-1.127619
-1.131167
-1.134870
-1.138520
-1.142148
-1.145898
-1.149463
-1.153119
-1.156790
-1.160421
-1.164096
-1.167654
-1.171130
-1.174796
-1.178141
-1.181628
-1.185087
-1.188507
-1.191810
-1.195152
-1.198200
-1.201395
-1.204718
-1.207851
-1.211051
-1.214170
-1.217189
-1.220290
-1.223349
-1.226401
-1.229392
-1.232549
-1.235697
-1.238818
-1.241916
-1.245025
-1.248230
-1.251463
-1.254663
-1.257876
-1.261199
-1.264478
-1.267745
-1.271071
-1.274471
-1.277984
-1.281191
-1.284471
-1.287834
-1.291175
-1.294583
-1.297910
-1.301177
-1.304384
-1.307670
-1.310798
-1.313881
-1.317003
-1.320089
-1.323196
-1.326171
-1.329040
-1.331892
-1.334831
-1.337638
-1.340602
-1.343279
-1.345964
-1.348652
-1.351397
-1.354216
-1.356944
-1.359608
-1.362485
-1.365221
-1.367838
-1.370683
-1.373537
-1.376289
-1.379044
-1.381952
-1.384864
-1.387948
-1.390832
-1.393801
-1.396884
-1.399852
-1.402783
-1.405537
-1.408560
-1.411696
-1.414750
-1.417783
-1.420792
-1.423762
-1.426582
-1.429469
-1.432251
-1.434857
-1.437582
-1.440339
-1.443117
-1.445941
-1.448588
-1.451099
-1.453531
-1.455906
-1.458228
-1.460695
-1.462946
-1.465414
-1.467906
-1.470275
-1.472700
-1.475083
-1.477293
-1.479527
-1.481766
-1.484233
-1.486563
-1.488947
-1.491563
-1.494148
-1.496735
-1.499047
-1.501475
-1.503961
-1.506573
-1.509222
-1.511817
-1.514422
-1.517120
-1.519716
-1.522292
-1.524968
-1.527536
-1.530034
-1.532497
-1.535065
-1.537602
-1.540104
-1.542471
-1.544934
-1.547143
-1.549325
-1.551692
-1.553864
-1.556067
-1.558222
-1.560298
-1.562310
-1.564205
-1.566169
-1.568148
-1.570193
-1.572096
-1.573979
-1.575909
-1.577759
-1.579764
-1.581687
-1.583440
-1.585388
-1.587395
-1.589349
-1.591429
-1.593521
-1.595563
-1.597662
-1.599690
-1.601631
-1.603890
-1.605974
-1.608321
-1.610517
-1.612648
-1.614857
-1.616900
-1.619116
-1.621416
-1.623453
-1.625623
-1.627555
-1.629758
-1.631828
-1.633840
-1.635852
-1.637643
-1.639436
-1.641174
-1.643076
-1.644863
-1.646661
-1.648183
-1.649919
-1.651383
-1.652860
-1.654285
-1.655849
-1.657334
-1.658881
-1.660325
-1.661736
-1.663132
-1.664501
-1.666095
-1.667497
-1.668917
-1.670288
-1.671776
-1.673379
-1.675054
-1.676785
-1.678246
-1.679749
-1.681346
-1.683046
-1.684785
-1.686448
-1.688119
-1.689944
-1.691641
-1.693343
-1.695120
-1.696745
-1.698441
-1.700161
-1.701776
-1.703385
-1.704894
-1.706415
-1.708055
-1.709535
-1.710940
-1.712421
-1.713624
-1.714945
-1.716144
-1.717394
-1.718550
-1.719594
-1.720673
-1.721712
-1.722835
-1.723953
-1.724724
-1.725749
-1.726660
-1.727557
-1.728432
-1.729407
-1.730231
-1.731172
-1.732305
-1.733330
-1.734294
-1.735155
-1.736262
-1.737204
-1.738298
-1.739341
-1.740635
-1.741702
-1.742911
-1.744119
-1.745317
-1.746405
-1.747760
-1.748979
-1.750094
-1.751319
-1.752493
-1.753789
-1.754906
-1.756047
-1.757281
-1.758317
-1.759315
-1.760259
-1.761313
-1.762278
-1.763182
-1.763943
-1.764811
-1.765409
-1.766077
-1.766873
-1.767491
-1.768135
-1.768650
-1.769085
-1.769484
-1.769978
-1.770331
-1.770703
-1.771290
-1.771641
-1.771916
-1.772371
-1.772830
-1.773156
-1.773534
-1.774000
-1.774304
-1.774736
-1.775390
-1.775882
-1.776397
-1.777008
-1.777664
-1.778162
-1.778677
-1.779316
-1.780100
-1.780703
-1.781443
-1.782230
-1.782836
-1.783445
-1.784189
-1.784868
-1.785483
-1.786189
-1.786724
-1.787419
-1.787967
-1.788315
-1.788823
-1.789326
-1.789648
-1.790019
-1.790280
-1.790648
-1.790853
-1.790996
-1.791062
-1.791014
-1.791068
-1.791045
-1.790896
-1.790912
-1.790932
-1.790852
-1.790703
-1.790487
-1.790087
-1.789896
-1.789692
-1.789476
-1.789290
-1.789372
-1.789285
-1.788992
-1.788950
-1.788720
-1.788601
-1.788401
-1.788433
-1.788415
-1.788391
-1.788735
-1.788855
-1.788868
-1.788949
-1.788854
-1.789006
-1.789016
-1.789207
-1.789429
-1.789627
-1.789944
-1.790034
-1.789967
-1.789998
-1.790021
-1.789965
-1.789963
-1.789898
-1.789852
-1.789889
-1.789724
-1.789404
-1.789136
-1.788757
-1.788214
-1.787773
-1.787352
-1.787029
-1.786575
-1.785878
-1.785239
-1.784459
-1.783856
-1.782981
-1.782229
-1.781542
-1.780762
-1.780041
-1.779297
-1.778478
-1.777664
-1.776860
-1.776014
-1.775197
-1.774401
-1.773795
-1.773207
-1.772542
-1.771973
-1.771258
-1.770477
-1.769880
-1.769455
-1.768918
-1.768350
-1.768013
-1.767532
-1.766969
-1.766675
-1.766119
-1.765831
-1.765235
-1.764706
-1.764339
-1.763914
-1.763491
-1.762924
-1.762401
-1.761999
-1.761194
-1.760548
-1.759843
-1.759221
-1.758553
-1.757695
-1.756714
-1.755816
-1.754886
-1.753933
-1.752929
-1.751839
-1.750630
-1.749438
-1.748230
-1.746952
-1.745669
-1.744402
-1.742916
-1.741521
-1.740262
-1.738950
-1.737434
-1.736076
-1.734651
-1.733091
-1.731775
-1.730214
-1.728967
-1.727570
-1.726262
-1.725040
-1.723791
-1.722302
-1.721067
-1.719962
-1.718737
-1.717517
-1.716226
-1.715088
-1.714205
-1.713257
-1.712157
-1.711081
-1.710057
-1.708815
-1.707915
-1.706864
-1.705875
-1.704856
-1.703782
-1.702746
-1.701753
-1.700723
-1.699640
-1.698297
-1.697148
-1.695746
-1.694479
-1.693194
-1.691810
-1.690552
-1.689296
-1.687689
-1.686042
-1.684322
-1.682635
-1.680952
-1.679293
-1.677449
-1.675479
-1.673668
-1.672047
-1.670084
-1.668123
-1.666084
-1.663862
-1.661738
-1.659722
-1.657636
-1.655792
-1.653865
-1.651753
-1.649691
-1.647649
-1.645490
-1.643501
-1.641427
-1.639476
-1.637669
-1.635681
-1.633841
-1.632060
-1.630324
-1.628464
-1.626688
-1.624706
-1.622915
-1.621357
-1.619793
-1.618231
-1.616604
-1.614885
-1.613255
-1.611699
-1.610042
-1.608361
-1.606795
-1.605253
-1.603733
-1.601946
-1.600371
-1.598586
-1.597042
-1.595162
-1.593216
-1.591545
-1.589751
-1.587790
-1.585910
-1.583971
-1.581878
-1.579603
-1.577479
-1.575304
-1.573137
-1.570944
-1.568585
-1.566056
-1.563695
-1.561341
-1.558725
-1.556164
-1.553469
-1.550822
-1.548385
-1.545759
-1.543115
-1.540392
-1.537623
-1.534916
-1.532228
-1.529369
-1.526694
-1.524068
-1.521541
-1.518891
-1.516117
-1.513385
-1.510872
-1.508356
-1.505758
-1.503221
-1.500756
-1.498285
-1.495786
-1.493434
-1.491208
-1.488936
-1.486415
-1.483989
-1.481896
-1.479755
-1.477553
-1.475292
-1.473119
-1.470856
-1.468637
-1.466593
-1.464423
-1.462190
-1.460161
-1.458037
-1.455721
-1.453423
-1.451012
-1.448847
-1.446566
-1.444373
-1.441911
-1.439462
-1.437078
-1.434556
-1.432035
-1.429343
-1.426619
-1.423890
-1.421172
-1.418389
-1.415680
-1.412935
-1.409930
-1.406787
-1.403688
-1.400538
-1.397476
-1.394210
-1.391116
-1.388048
-1.384853
-1.381553
-1.378125
-1.374717
-1.371390
-1.367938
-1.364571
-1.361390
-1.357992
-1.354673
-1.351381
-1.348121
-1.344622
-1.341203
-1.337918
-1.334661
-1.331405
-1.328256
-1.325250
-1.322122
-1.319001
-1.315802
-1.312644
-1.309570
-1.306572
-1.303682
-1.300833
-1.298126
-1.295238
-1.292417
-1.289501
-1.286660
-1.283843
-1.281086
-1.278405
-1.275791
-1.273194
-1.270485
-1.267734
-1.265139
-1.262386
-1.259559
-1.256756
-1.253963
-1.251326
-1.248670
-1.245958
-1.243176
-1.240217
-1.237256
-1.234156
-1.231174
-1.228165
-1.225195
-1.222017
-1.218986
-1.215855
-1.212517
-1.209056
-1.205769
-1.202255
-1.198804
-1.195277
-1.191730
-1.188149
-1.184481
-1.180801
-1.177173
-1.173306
-1.169366
-1.165397
-1.161556
-1.157809
-1.153879
-1.149853
-1.145803
-1.141865
-1.137813
-1.133835
-1.129754
-1.125786
-1.121829
-1.117754
-1.113809
-1.109769
-1.105758
-1.101754
-1.097890
-1.094068
-1.090196
-1.086353
-1.082533
-1.078758
-1.074982
-1.071310
-1.067516
-1.063874
-1.060306
-1.056785
-1.053413
-1.049942
-1.046515
-1.043029
-1.039491
-1.036272
-1.032878
-1.029598
-1.026324
-1.023243
-1.020139
-1.016989
-1.013703
-1.010505
-1.007326
-1.004160
-1.000978
-0.997930
-0.994778
-0.991740
-0.988572
-0.985502
-0.982283
-0.979056
-0.975656
-0.972470
-0.969181
-0.965866
-0.962561
-0.959244
-0.955869
-0.952379
-0.948821
-0.945271
-0.941627
-0.937934
-0.934227
-0.930526
-0.926683
-0.922891
-0.918964
-0.914976
-0.911043
-0.906897
-0.902783
-0.898593
-0.894352
-0.890098
-0.885757
-0.881438
-0.877018
-0.872588
-0.868149
-0.863650
-0.859097
-0.854526
-0.849861
-0.845233
-0.840573
-0.835906
-0.831245
-0.826542
-0.821938
-0.817306
-0.812451
-0.807834
-0.803095
-0.798430
-0.793763
-0.788927
-0.784399
-0.779812
-0.775298
-0.770702
-0.766269
-0.761606
-0.757128
-0.752686
-0.748276
-0.743903
-0.739592
-0.735341
-0.731142
-0.726904
-0.722801
-0.718668
-0.714652
-0.710607
-0.706608
-0.702579
-0.698804
-0.694987
-0.691141
-0.687441
-0.683824
-0.680107
-0.676344
-0.672812
-0.669241
-0.665762
-0.662294
-0.658712
-0.655215
-0.651759
-0.648489
-0.645144
-0.641752
-0.638352
-0.635008
-0.631605
-0.628237
-0.624885
-0.621542
-0.618164
-0.614850
-0.611467
-0.608052
-0.604705
-0.601266
-0.597847
-0.594310
-0.590610
-0.587117
-0.583568
-0.579907
-0.576357
-0.572763
-0.568939
-0.565235
-0.561221
-0.557302
-0.553414
-0.549451
-0.545362
-0.541190
-0.537104
-0.532995
-0.528803
-0.524419
-0.520142
-0.515492
-0.510907
-0.506435
-0.501808
-0.497096
-0.492483
-0.487795
-0.482926
-0.478008
-0.473049
-0.468071
-0.462956
-0.457800
-0.452611
-0.447415
-0.442254
-0.437050
-0.431797
-0.426448
-0.421012
-0.415584
-0.409966
-0.404430
-0.398913
-0.393472
-0.387919
-0.382378
-0.376769
-0.371192
-0.365629
-0.359909
-0.354273
-0.348429
-0.342748
-0.337172
-0.331636
-0.326006
-0.320533
-0.314843
-0.309219
-0.303644
-0.297912
-0.292369
-0.286907
-0.281447
-0.275976
-0.270574
-0.265279
-0.260018
-0.254599
-0.249207
-0.244060
-0.238719
-0.233558
-0.228563
-0.223558
-0.218641
-0.213766
-0.208789
-0.203934
-0.199089
-0.194340
-0.189781
-0.185197
-0.180629
-0.176195
-0.171825
-0.167515
-0.163280
-0.158992
-0.154761
-0.150716
-0.146728
-0.142863
-0.138945
-0.135275
-0.131540
-0.127816
-0.124075
-0.120607
-0.117198
-0.113859
-0.110513
-0.107303
-0.104159
-0.101038
-0.097953
-0.094951
-0.092001
-0.089223
-0.086296
-0.083710
-0.081125
-0.078568
-0.076111
-0.073561
-0.071115
-0.068697
-0.066374
-0.064152
-0.062217
-0.060046
-0.058054
-0.056041
-0.054107
-0.052230
-0.050319
-0.048515
-0.046805
-0.045126
-0.043442
-0.041987
-0.040534
-0.039096
-0.037693
-0.036096
-0.034644
-0.033447
-0.032131
-0.030930
-0.029813
-0.028752
-0.027574
-0.026450
-0.025465
-0.024496
-0.023505
-0.022430
-0.021606
-0.020696
-0.019838
-0.019086
-0.018381
-0.017671
-0.016942
-0.016107
-0.015430
-0.014754
-0.014175
-0.013573
-0.013023
-0.012362
-0.011930
-0.011371
-0.010957
-0.010499
-0.010117
-0.009511
-0.008958
-0.008628
-0.008215
-0.007889
-0.007639
-0.007274
-0.007012
-0.006603
-0.006323
-0.006000
-0.005678
-0.005369
-0.005098
-0.004823
-0.004737
-0.004618
-0.004288
-0.004227
-0.004022
-0.003657
-0.003297
-0.003196
-0.003130
-0.003020
-0.002930
-0.002824
-0.002683
-0.002524
-0.002371
-0.002225
-0.002006
-0.001859
-0.001840
-0.001763
-0.001775
-0.001749
-0.001758
-0.001477
-0.001367
-0.001157
-0.001117
-0.001135
-0.001081
-0.001180
-0.001082
-0.000985
-0.000972
-0.000890
-0.000690
-0.000716
-0.000655
-0.000632
-0.000602
-0.000665
-0.000699
-0.000696
-0.000569
-0.000402
-0.000231
-0.000360
-0.000399
-0.000453
-0.000422
-0.000495
-0.000388
-0.000223
-0.000265
-0.000199
-0.000154
-0.000246
-0.000260
-0.000199
-0.000239
-0.000327
-0.000291
-0.000180
-0.000003
-0.000031
-0.000010
-0.000088
-0.000238
-0.000276
-0.000235
-0.000166
-0.000018
0.000023
0.000029
-0.000046
-0.000091
-0.000058
-0.000123
-0.000126
-0.000158
-0.000127
-0.000027
0.000046
0.000048
0.000082
0.000008
-0.000130
-0.000079
-0.000238
-0.000083
0.000023
0.000084
0.000068
0.000007
-0.000045
-0.000022
-0.000019
-0.000015
-0.000085
-0.000124
0.000025
-0.000006
0.000036
0.000083
0.000057
-0.000045
-0.000044
-0.000043
-0.000042
-0.000005
0.000011
0.000000
