0.000000
0.016909
0.029883
0.041885
0.050931
0.054336
0.055333
0.055193
0.051056
0.044901
0.037845
0.031864
0.029280
0.026696
0.025623
0.024051
0.020095
0.016922
0.012055
0.004142
0.000883
-0.000234
0.000584
0.001973
0.004879
0.004926
0.007506
0.007053
0.006345
0.005559
0.006202
0.009121
0.010817
0.013333
0.015538
0.019986
0.025570
0.031633
0.037920
0.050396
0.061627
0.072994
0.087651
0.101590
0.113680
0.123792
0.134219
0.145155
0.154028
0.163290
0.171430
0.177187
0.184039
0.193345
0.201260
0.210433
0.215933
0.219917
0.225834
0.230695
0.233905
0.234899
0.233469
0.227458
0.222785
0.218206
0.211985
0.204697
0.193669
0.182762
0.174434
0.166004
0.157691
0.149037
0.139116
0.128192
0.118442
0.109539
0.099410
0.091442
0.084434
0.080699
0.075921
0.071972
0.067001
0.060285
0.054275
0.048435
0.036001
0.025338
0.011263
-0.004444
-0.018076
-0.030307
-0.043518
-0.057212
-0.069518
-0.076592
-0.079470
-0.082570
-0.087323
-0.091124
-0.095496
-0.096695
-0.098411
-0.098359
-0.098758
-0.098647
-0.098539
-0.098606
-0.095454
-0.086601
-0.077031
-0.063798
-0.052468
-0.043243
-0.033915
-0.026316
-0.019063
-0.014135
-0.008492
-0.005437
-0.003959
-0.003605
-0.005457
-0.009091
-0.013453
-0.022076
-0.030386
-0.039799
-0.049751
-0.060702
-0.071400
-0.081957
-0.092253
-0.104177
-0.119975
-0.137994
-0.158502
-0.175980
-0.192508
-0.205708
-0.216718
-0.227672
-0.238283
-0.245549
-0.255598
-0.263823
-0.271663
-0.278031
-0.283984
-0.293160
-0.300133
-0.305617
-0.310173
-0.316594
-0.321887
-0.329565
-0.339468
-0.345111
-0.348305
-0.348272
-0.348295
-0.344943
-0.343045
-0.341958
-0.334368
-0.332411
-0.329702
-0.322581
-0.316650
-0.309238
-0.303001
-0.296448
-0.287399
-0.274894
-0.259810
-0.243800
-0.230150
-0.213137
-0.196400
-0.180952
-0.165569
-0.149557
-0.132618
-0.111569
-0.088129
-0.065907
-0.043165
-0.022181
-0.002940
0.016856
0.034521
0.053406
0.073067
0.092077
0.109911
0.127117
0.141985
0.156866
0.172104
0.186710
0.199895
0.215011
0.228810
0.241871
0.254699
0.266541
0.279971
0.290691
0.302371
0.312612
0.322355
0.334192
0.343788
0.350968
0.359100
0.368172
0.378143
0.386569
0.394645
0.401797
0.409919
0.416292
0.420582
0.424132
0.430333
0.435365
0.437382
0.440681
0.443827
0.449046
0.455575
0.463385
0.468588
0.474153
0.478592
0.481514
0.487153
0.491808
0.498009
0.506040
0.512159
0.515870
0.516674
0.518606
0.517686
0.513275
0.507053
0.499956
0.490460
0.475274
0.458894
0.440926
0.421628
0.406365
0.389577
0.373817
0.362219
0.353624
0.344671
0.336386
0.326378
0.316417
0.305682
0.291862
0.275493
0.257776
0.242605
0.229587
0.214512
0.195668
0.175220
0.154284
0.128153
0.100636
0.074019
0.049410
0.026878
0.002543
-0.021409
-0.045322
-0.069763
-0.096525
-0.123129
-0.153240
-0.183773
-0.213465
-0.238535
-0.265600
-0.292067
-0.319843
-0.352773
-0.384223
-0.415294
-0.443857
-0.472338
-0.497739
-0.522553
-0.548071
-0.573650
-0.599905
-0.624143
-0.651224
-0.677025
-0.705420
-0.732597
-0.760133
-0.786972
-0.813369
-0.837157
-0.858137
-0.874568
-0.887155
-0.899068
-0.910775
-0.918290
-0.922596
-0.922722
-0.921626
-0.917792
-0.912741
-0.905938
-0.897323
-0.888882
-0.881276
-0.870455
-0.858734
-0.844759
-0.831297
-0.818212
-0.804779
-0.793834
-0.779437
-0.762341
-0.743391
-0.719685
-0.693651
-0.665672
-0.636181
-0.603965
-0.566396
-0.528330
-0.486928
-0.443587
-0.400599
-0.358646
-0.320079
-0.282713
-0.244052
-0.204846
-0.168629
-0.131518
-0.095356
-0.061811
-0.028679
0.000306
0.029369
0.054441
0.077630
0.098533
0.117328
0.135876
0.151131
0.163550
0.177698
0.188735
0.205391
0.219840
0.235996
0.252489
0.268519
0.287301
0.305814
0.327648
0.348658
0.371108
0.397543
0.422636
0.447783
0.474923
0.499774
0.525527
0.546101
0.565035
0.585151
0.606181
0.627653
0.652290
0.674722
0.696501
0.715974
0.734227
0.751591
0.765514
0.776875
0.789060
0.800741
0.808106
0.815747
0.821148
0.826552
0.828396
0.829851
0.834319
0.837186
0.839250
0.840489
0.841741
0.839324
0.837766
0.835381
0.831051
0.823878
0.814387
0.805506
0.791445
0.779666
0.767521
0.751943
0.737473
0.725782
0.715359
0.705392
0.692055
0.678118
0.662907
0.643926
0.625212
0.605455
0.584768
0.565585
0.548006
0.529319
0.510946
0.490277
0.469116
0.447235
0.423859
0.398985
0.375446
0.350330
0.328217
0.304873
0.283867
0.264228
0.240664
0.214999
0.190590
0.167504
0.146521
0.126940
0.105899
0.080548
0.051822
0.025658
-0.000488
-0.024183
-0.049998
-0.073561
-0.097649
-0.123097
-0.147837
-0.173847
-0.196262
-0.215735
-0.233989
-0.251674
-0.270898
-0.287737
-0.300144
-0.309938
-0.316770
-0.323018
-0.326904
-0.329970
-0.335394
-0.339387
-0.342440
-0.350617
-0.358307
-0.366301
-0.376185
-0.386602
-0.397624
-0.409432
-0.422905
-0.432181
-0.441226
-0.454077
-0.467253
-0.482703
-0.495626
-0.505798
-0.514966
-0.524656
-0.532819
-0.538324
-0.546024
-0.553053
-0.558732
-0.562816
-0.567966
-0.574129
-0.578614
-0.585013
-0.592377
-0.597059
-0.602253
-0.608636
-0.614881
-0.621149
-0.625623
-0.628154
-0.631881
-0.633063
-0.632491
-0.629240
-0.626415
-0.622290
-0.619724
-0.617393
-0.614942
-0.610962
-0.603768
-0.593330
-0.585048
-0.573580
-0.563308
-0.553153
-0.543152
-0.532228
-0.519744
-0.502553
-0.486698
-0.467912
-0.445514
-0.421714
-0.399155
-0.375091
-0.350549
-0.329004
-0.306524
-0.282325
-0.259382
-0.237281
-0.218325
-0.200784
-0.182592
-0.163937
-0.145382
-0.123317
-0.100408
-0.074184
-0.046717
-0.020161
0.007474
0.037157
0.066357
0.092388
0.118173
0.143262
0.168793
0.191430
0.213369
0.234285
0.254481
0.274469
0.292796
0.307858
0.319236
0.329556
0.339670
0.345352
0.355154
0.365878
0.371040
0.374392
0.376836
0.377095
0.375756
0.374106
0.378203
0.380880
0.378618
0.375518
0.371222
0.362916
0.357362
0.346965
0.337562
0.325576
0.314770
0.303884
0.289620
0.274661
0.257781
0.240823
0.223515
0.204749
0.185669
0.166924
0.146972
0.125986
0.107654
0.089177
0.072734
0.055427
0.040157
0.024886
0.010422
-0.003857
-0.022252
-0.040343
-0.054540
-0.071061
-0.086252
-0.108062
-0.129993
-0.150153
-0.176245
-0.201241
-0.229441
-0.259040
-0.288516
-0.316806
-0.348841
-0.384401
-0.418075
-0.450223
-0.484457
-0.516564
-0.548161
-0.576798
-0.606300
-0.634301
-0.656747
-0.681303
-0.705603
-0.728534
-0.750441
-0.772634
-0.792059
-0.812395
-0.830985
-0.849722
-0.868617
-0.885368
-0.897035
-0.909608
-0.922379
-0.934398
-0.943983
-0.954594
-0.965981
-0.973299
-0.981499
-0.988804
-0.993783
-0.997208
-1.002300
-1.008787
-1.012827
-1.017089
-1.016662
-1.013214
-1.007748
-1.000479
-0.991933
-0.979609
-0.968966
-0.960647
-0.955226
-0.945155
-0.936436
-0.931578
-0.926866
-0.921159
-0.914114
-0.911687
-0.906257
-0.900670
-0.895617
-0.890957
-0.885189
-0.878323
-0.871084
-0.863192
-0.854609
-0.847015
-0.841020
-0.837702
-0.836018
-0.832590
-0.831279
-0.834032
-0.833370
-0.829725
-0.827363
-0.823338
-0.817009
-0.812256
-0.805159
-0.796428
-0.785369
-0.773362
-0.759713
-0.746189
-0.730816
-0.713763
-0.699967
-0.683826
-0.666241
-0.647185
-0.625907
-0.604894
-0.585514
-0.567520
-0.547072
-0.528444
-0.511505
-0.492123
-0.475510
-0.461821
-0.447749
-0.435236
-0.420724
-0.406243
-0.393016
-0.373537
-0.352291
-0.330705
-0.305660
-0.279803
-0.250999
-0.219333
-0.187949
-0.158784
-0.128044
-0.093688
-0.060723
-0.028045
0.004174
0.035985
0.068399
0.104134
0.137808
0.172002
0.206546
0.244412
0.280073
0.318652
0.357728
0.400017
0.440358
0.482215
0.527538
0.574512
0.620778
0.667696
0.714220
0.759451
0.801344
0.838868
0.877257
0.913300
0.948194
0.982674
1.013159
1.043932
1.073873
1.108000
1.143966
1.179668
1.215279
1.249565
1.282414
1.312216
1.343326
1.374513
1.405681
1.435740
1.465008
1.491033
1.516573
1.540887
1.562531
1.583912
1.599486
1.610330
1.618401
1.629812
1.640854
1.650924
1.661177
1.673479
1.685256
1.694644
1.703449
1.714394
1.722573
1.728510
1.733441
1.737480
1.738294
1.739041
1.740214
1.740402
1.741127
1.747249
1.751347
1.753469
1.750692
1.748668
1.748768
1.746062
1.740350
1.731522
1.725030
1.717669
1.710907
1.704296
1.698552
1.696768
1.687907
1.679368
1.676959
1.675203
1.671356
1.667465
1.663123
1.659568
1.650097
1.642722
1.636914
1.629001
1.620987
1.615189
1.609896
1.606857
1.605482
1.603682
1.602062
1.598184
1.595777
1.590223
1.584646
1.578524
1.571203
1.562442
1.554081
1.546355
1.538173
1.532306
1.525383
1.516365
1.507847
1.498683
1.489475
1.479086
1.472611
1.461900
1.454994
1.449678
1.443011
1.437102
1.430309
1.423784
1.418089
1.408295
1.403965
1.399916
1.394199
1.389815
1.383492
1.375204
1.366725
1.360329
1.349163
1.336875
1.325991
1.312848
1.297617
1.282049
1.266935
1.250350
1.227873
1.208294
1.187751
1.165983
1.146063
1.125676
1.103174
1.078550
1.054167
1.028434
1.004238
0.980305
0.954329
0.929559
0.906937
0.884266
0.858147
0.833381
0.806704
0.777937
0.752115
0.725912
0.699852
0.675606
0.655064
0.635773
0.616047
0.597664
0.578765
0.556404
0.534794
0.514977
0.491801
0.468415
0.445459
0.423063
0.401659
0.377854
0.359771
0.344993
0.327524
0.312874
0.301723
0.294496
0.287193
0.276810
0.269599
0.262865
0.252694
0.238859
0.225548
0.212049
0.199211
0.187617
0.178181
0.173193
0.171171
0.170028
0.172194
0.176662
0.180523
0.185439
0.192975
0.199129
0.199004
0.202839
0.205705
0.208610
0.210670
0.212230
0.215224
0.218257
0.217812
0.217376
0.217751
0.218918
0.214855
0.213034
0.209436
0.205858
0.201733
0.198623
0.194243
0.192852
0.190638
0.185096
0.181260
0.178938
0.175488
0.174704
0.176275
0.176938
0.179831
0.182519
0.183567
0.186336
0.184225
0.182034
0.177251
0.167540
0.159288
0.148226
0.132702
0.117317
0.103940
0.093695
0.082464
0.072079
0.062628
0.052157
0.041043
0.028041
0.014411
0.000000
